CHIP_ID(id=88)
1034.5384565057027
1034.9005202149785
1035.178088964004
1035.414995962694
1035.6201188597713
1035.7519940769705
1035.8162726942828
1035.8620129858123
1035.891407125662
1035.9230180993366
1035.9583236677774
1035.9821539853774
1036.0076933381922
1036.0320320746387
1036.0439476902416
1036.060504711131
1036.0807105292947
1036.103849177648
1036.1255331347172
1036.1496649524242
1036.1721107770004
1036.2069810030346
1036.2377175938154
1036.267230609288
1036.2972289224504
1036.333092810296
1036.3775013435509
1036.4207083764582
1036.4656243979439
1036.5168693269247
1036.5644435586591
1036.6168917719424
1036.673011740631
1036.7179081616146
1036.753521859937
1036.7344702993796
1036.6736654210647
1036.5718455613842
1036.4734434338843
1036.3694292237246
1036.2690867095005
1036.1484681579816
1036.0388422197136
1035.9704612283758
1035.9233263920783
1035.8813181989913
1035.8410187856578
1035.7933986762512
1035.7548079070432
1035.7245317009995
1035.694740217963
1035.6551797599968
1035.6100077314932
1035.5714164699527
1035.5340493642288
1035.5069358217274
1035.4849490316344
1035.4754094171926
1035.4885707790456
1035.5297898026909
1035.5981233214538
1035.6225337092292
1035.578559466011
1035.4989513166445
1035.4371726646798
1035.3636864499288
1035.3087437018116
1035.2440314954806
1035.1722275846178
1035.1160599364468
1035.076497590708
1035.0335172151865
1034.9978570365229
1034.9626810756274
1034.93923961951
1034.9201847259194
1034.9003893760275
1034.8964591398885
1034.888882739692
1034.8749546173808
1034.8632197205482
1034.8639320521893
1034.8805097178586
1034.8914761526064
1034.914661919826
1034.931980265018
1034.936595075542
1034.9358546436938
1034.9392727006293
1034.9480460266898
1034.9736815251908
1034.995158593288
1035.0278863200663
1035.0640045130524
1035.0930582387764
1035.122824901875
1035.138434892771
1035.1159338836853
1035.1039429724376
1035.072183461463
1035.039199085283
1035.0079236080126
1034.9490746270253
1034.8809397318357
1034.8218343047074
1034.7783668326126
1034.748571914622
1034.7217109386838
1034.713422144873
1034.7170968369312
1034.729772122246
1034.740084243926
1034.7656914133236
1034.794716911019
1034.8242268405024
1034.8603455022264
1034.894470522378
1034.9369135695017
1034.9945110967094
1035.060654721795
1035.1277676124876
1035.1797547564818
1035.2300330830897
1035.2849547811554
1035.3677080169527
1035.4192121190279
1035.4772976911863
1035.5253840766081
1035.5893381341627
1035.644261961979
1035.6982168008726
1035.7558197838075
1035.8236785958488
1035.8768945511865
1035.8964359162126
1035.9047271294396
1035.94500924043
1035.9984806777554
1036.0414419669512
1036.0533820311261
1036.073128903632
1036.1356324269818
1036.2198719566068
1036.2945954818579
1036.3641912595153
1036.4296292962913
1036.5028748450477
1036.5629314287162
1036.6212790541874
1036.685979156137
1036.7323621795583
1036.774841599601
1036.842707588597
1036.8981234316357
1036.9557342784985
1037.0138524378867
1037.074904097915
1037.1593805091861
1037.262913838508
1037.369128106181
1037.4511588032794
1037.4801986109576
1037.482120758706
1037.499447712055
1037.5177458533967
1037.526040247897
1037.5057598654919
1037.4705800330146
1037.4053686520667
1037.34112814434
1037.2700497112617
1037.1891998675135
1037.1015120119594
1037.010405012798
1036.9019719128166
1036.7837676240717
1036.6726552220894
1036.5664406534004
1036.4721689565754
1036.376672837633
1036.291433054226
1036.201804634839
1036.1297550955273
1036.077988436555
1036.0684718722098
1036.0877599841492
1036.1256215449625
1036.194942296429
1036.2684467547901
1036.3465704558878
1036.4425285461755
1036.525296873264
1036.614926967442
1036.6906275206811
1036.7487487035075
1036.8102889059057
1036.8857362893004
1036.9355421590494
1036.9328399472654
1036.8466048894836
1036.696148537267
1036.5559486962918
1036.4430999888411
1036.3813046238427
1036.3622458499938
1036.3414775590286
1036.2952973095164
1036.233731518283
1036.1638730127534
1036.0842423428198
1036.0063209559091
1035.9379161605489
1035.8748949049018
1035.8074852974555
1035.7263999555623
1035.6436052106524
1035.5666793526188
1035.4773030321512
1035.3815737008235
1035.2975544834812
1035.218179251867
1035.1439324011665
1035.0838453711895
1035.037433801637
1034.9883442898508
1034.9350948805113
1034.882813727053
1034.8364018848001
1034.7953453054386
1034.7477985751984
1034.7130653394563
1034.6788461852477
1034.6131154662462
1034.532514301728
1034.455941071417
1034.417045677194
1034.363022505945
1034.3207387844568
1034.2938397298958
1034.2771971400105
1034.26545688715
1034.2708111195288
1034.2715208263548
1034.2802940032327
1034.299549917263
1034.3234825083857
1034.3491245921377
1034.377701763422
1034.409924008955
1034.4375018477356
1034.4682410859077
1034.5087535950688
1034.5370735064564
1034.5739410272813
1034.6154531947398
1034.662578024061
1034.7048011295099
1034.7160263579708
1034.7355418921527
1034.7733783296464
1034.8165704311862
1034.8719869625575
1034.9376612176295
1035.0131091465432
1035.096621201969
1035.174520718364
1035.2626781212448
1035.3664502219551
1035.4704796237277
1035.5701215148395
1035.6509580199352
1035.7420525844923
1035.8358263830235
1035.9838246741317
1036.1445317103214
1036.3123080506955
1036.4737570163556
1036.6007582515165
1036.7206669060176
1036.8669615238757
1036.9859017482017
1037.10532795453
1037.2056941620522
1037.3136392874562
1037.4013000944492
1037.4767828252373
1037.5295320037362
1037.5808038949997
1037.624751567899
1037.667960848969
1037.7180097000366
1037.752923796979
1037.7734209866728
1037.7707194960367
1037.7597219534014
1037.712079536353
1037.6080130593757
1037.4382347695707
1037.2699124187106
1037.125295587073
1036.9867784972482
1036.8306779985555
1036.673607359507
1036.5326649116523
1036.422754009351
1036.3404295650403
1036.2600702448362
1036.1923935707823
1036.1308154844958
1036.0765608823303
1036.0130434517828
1035.923166016745
1035.8413258061803
1035.771481566845
1035.6791546513343
1035.5941514821511
1035.5308907697724
1035.4861808289909
1035.461246810992
1035.4568297174226
1035.452155963618
1035.4418684734649
1035.4242574496616
1035.4080993624668
1035.3768098444389
1035.337939863331
1035.2973598066485
1035.2558109245415
1035.2020661283104
1035.1358686039857
1035.0748005156443
1035.0232496896135
1034.982214912839
1034.9621816583406
1034.9367924368628
1034.91285557159
1034.8976941380347
1034.8830167148672
1034.8744366974072
1034.8722117077025
1034.8702443045822
1034.868760949922
1034.8802143154594
1034.89192534116
1034.898022902766
1034.9185095513726
1034.9268010650574
1034.934124427575
1034.9350926016307
1034.9440947854641
1034.9597098087768
1034.9782604647685
1034.9872937612333
1034.99193916393
1034.9975836510735
1035.0151661123136
1035.0288447948374
1035.0434917637579
1035.0640098303054
1035.0837863911256
1035.1096608840974
1035.1286960875502
1035.160184564694
1035.1982554558351
1035.24145629785
1035.2732025874002
1035.312499968679
1035.3635396483912
1035.4099341861104
1035.458780102144
1035.4946881144394
1035.5288570816454
1035.5701227257848
1035.6365530559083
1035.6976260176455
1035.7525718329223
1035.7897059404825
1035.807061702685
1035.8324544049103
1035.8737212504402
1035.935507735966
1035.9784850400142
1036.029271684647
1036.0881239223734
1036.1452665777515
1036.2002418970458
1036.2698665213609
1036.3412012317388
1036.3990853782657
1036.4335146342837
1036.467944060391
1036.5194737762238
1036.5717182586864
1036.5978535303127
1036.6107935493417
1036.6141879817396
1036.6046423095584
1036.5911915933677
1036.5447651415611
1036.4734283819014
1036.4035461466199
1036.324628851647
1036.233997182621
1036.1387203957952
1036.0507685283094
1035.967177961169
1035.8794539706148
1035.798569805224
1035.7228154431143
1035.6597721933044
1035.60698897609
1035.5593357166385
1035.5343970492052
1035.5302356544605
1035.5157052709637
1035.5063842879695
1035.4828987155959
1035.4689316902795
1035.4608359970155
1035.4612903996415
1035.483263816742
1035.5296623000752
1035.5699621491956
1035.591935895939
1035.6207499594443
1035.6691160877929
1035.7184802911715
1035.773202362173
1035.8257299737593
1035.8814212609498
1035.9444376308652
1036.0223324684077
1036.1026791212812
1036.1578871164666
1036.2150340167777
1036.2868589087514
1036.3711396064773
1036.4563902505515
1036.541896973176
1036.6234987675518
1036.7080103358119
1036.7983932284617
1036.8890066150204
1036.9644842507778
1036.9891667591967
1037.0101739784152
1037.0189550693374
1037.008924142281
1036.9610389838897
1036.8916365250138
1036.8127129904015
1036.7164580813035
1036.5869699860057
1036.4616432104622
1036.3607439786647
1036.272812882373
1036.190241414452
1036.1015427029206
1035.9937759827262
1035.8847832593328
1035.7750779397893
1035.6893145155454
1035.632623269877
1035.5869341627697
1035.544408191416
1035.50997852284
1035.4613535677215
1035.4210218712099
1035.3780114103315
1035.318868066834
1035.2790201110865
1035.237945990858
1035.206648280465
1035.1695094824022
1035.118947467065
1035.0578669908502
1035.0038850632654
1034.9535816297703
1034.9054726233715
1034.857847852201
1034.8226454016824
1034.7986386675047
1034.7658225302778
1034.7274244417977
1034.690252286649
1034.6650508470004
1034.640107810489
1034.6354278151878
1034.644203801079
1034.6551738257333
1034.6891184885556
1034.741132770504
1034.783854140784
1034.8173154486874
1034.8431938030967
1034.8727509906657
1034.9174417297022
1034.95551767241
1034.9848493778202
1035.0200537813882
1035.056936183311
1035.0903982803673
1035.1192139157954
1035.1509660054935
1035.1917534223426
1035.2296361955268
1035.2857845832148
1035.3236362789219
1035.368329155088
1035.410827792177
1035.4596833948083
1035.4951145439447
1035.5386127081347
1035.5950513090065
1035.6490381815063
1035.7069301794504
1035.771890928093
1035.836852250587
1035.8869352439706
1035.9316306328553
1035.968516016903
1036.026409782799
1036.0955348804855
1036.1133506526867
1036.1113837259313
1036.094765014122
1036.041972716563
1035.9544892495799
1035.8528387574584
1035.7433783802549
1035.617783969853
1035.5107456814017
1035.4215521761469
1035.3528823062954
1035.3064463214114
1035.2614943416752
1035.2101853985607
1035.174495247528
1035.1434518181406
1035.1004362321826
1035.0664884818634
1035.0361872199064
1035.0117591220799
1034.9843944807724
1034.9726807951238
1034.9712288435426
1034.9832008298567
1034.9849437349785
1035.0047573419529
1035.0277331723544
1035.0633907898641
1035.0912070803608
1035.1065674643837
1035.1079873826413
1035.1008880067782
1035.0967251787165
1035.0453835203743
1034.9679029174192
1034.9050724145275
1034.8608296554507
1034.8234280415613
1034.7831230577865
1034.7518536071852
1034.730137108915
1034.717197304527
1034.713517932729
1034.7152282350255
1034.7227783730257
1034.7244549835787
1034.6931517097587
1034.6464553939572
1034.5809795868172
1034.532538228284
1034.470482984486
1034.4152343215433
1034.374635306898
1034.3421040002813
1034.3154465609507
1034.321061180549
1034.3542653851723
1034.3921171525762
1034.5159704266614
1034.6738073351517
1034.869273539893
1035.138513886832
1035.4752064131605
1035.8463699308193
1036.1315015032706
1036.3152344349764
1036.3983069008511
1036.4410690655388
1036.4664700631406
1036.4549813356248
1036.3726213560826
1036.2538565361328
1036.1551331626645
1036.0825516758157
1036.0236540223484
1035.9593678423798
1035.902407803691
1035.8342158689502
1035.7638289872161
1035.6856315443092
1035.6098555906663
1035.5355633796694
1035.4854755997305
1035.4522346860656
1035.4436823601877
1035.458818660653
1035.4673394337667
1035.4563344912158
1035.386689218715
1035.2930974817568
1035.2021194331417
1035.1129491944253
1035.0452730512277
1034.9839550824106
1034.9477768375511
1034.9316401055946
1034.9081776109608
1034.8873933542784
1034.8617364869765
1034.8399844220805
1034.830948276063
1034.837531242513
1034.85902450273
1034.8902967129636
1034.9237633638656
1034.952582628814
1034.9753027054892
1035.0031875453883
1035.0268755577727
1035.0608265277683
1035.1018450804522
1035.1460921846076
1035.194986581689
1035.252207390371
1035.3120742819717
1035.3572891277984
1035.4061510746546
1035.4689234221212
1035.53095419478
1035.6230329398693
1035.7329601173544
1035.8384987098113
1035.9056642794233
1035.9388764504638
1035.9571781092475
1035.9556946774494
1035.91144683069
1035.8415402450926
1035.7670169931887
1035.7095997027143
1035.664383092666
1035.6345615145515
1035.6020608558272
1035.5683339018524
1035.5333806034143
1035.4954903474893
1035.4571158558833
1035.4082840691885
1035.3654881639434
1035.3376028915816
1035.3041017016624
1035.2596272545445
1035.2144104053104
1035.1752932320542
1035.12884973157
1035.0841167167816
1035.0530680696882
1035.0357038076681
1035.0190821845829
1035.0083349167678
1034.9939077741144
1034.9665388953244
1034.9132528594432
1034.8423773888837
1034.7878645213718
1034.7445824269773
1034.7032699239278
1034.6646354051472
1034.6265194691523
1034.5727492341166
1034.5145905456682
1034.4766989254917
1034.4686298330782
1034.4705644240978
1034.459557844795
1034.4478079612086
1034.4370609980058
1034.4272812974048
1034.4233765657098
1034.4223735624334
1034.4265022290642
1034.4387358443955
1034.4558414542598
1034.4787864400387
1034.506603673674
1034.5317786438866
1034.5432689994182
1034.5688923355292
1034.598455974687
1034.6211773191858
1034.6573240451587
1034.6956653055438
1034.7518559106081
1034.805627735566
1034.8913830385727
1034.9737176788385
1035.071448567629
1035.1696641586286
1035.2408017610733
1035.3133913782754
1035.3681320972544
1035.4001178164995
1035.4267459185999
1035.4575054545792
1035.4838755613157
1035.5383590051847
1035.6551696222498
1035.7751444155076
1035.888277344261
1036.0033793424964
1036.1148031586893
1036.2286802461274
1036.3540486002119
1036.4820976849476
1036.6145386838573
1036.7203497572013
1036.801012458193
1036.8437818408684
1036.8836420954508
1036.9332545781642
1036.9642774190734
1036.9791623658425
1037.0121522829502
1037.0641900260507
1037.1203905606526
1037.1721731640228
1037.221301771081
1037.256717583842
1037.3048501315775
1037.3681508786638
1037.4451384592414
1037.5055284459775
1037.5096905937396
1037.4671495629527
1037.4148285319266
1037.342232840568
1037.2136648302499
1037.0687296887943
1036.929183741702
1036.8030687937755
1036.6860213240027
1036.579467611319
1036.4775620836344
1036.3976108900442
1036.3064550823285
1036.2008417338147
1036.0884152276583
1036.000681710086
1035.909980335293
1035.8148884546538
1035.714437873708
1035.6107920680379
1035.517410631385
1035.4357786274427
1035.366606070481
1035.2903318976294
1035.2143163125324
1035.1463705326114
1035.0884303122814
1035.0300060761779
1034.9628033810818
1034.905381469489
1034.8511219160134
1034.78804935678
1034.7301088621864
1034.6844029353201
1034.6545772634622
1034.6259786041085
1034.617424974895
1034.6191357005364
1034.638177719176
1034.6765216142956
1034.7204816977378
1034.7598288453032
1034.8074703616398
1034.8504636160465
1034.897137935845
1034.9394231666865
1034.9812245548173
1035.0286420988953
1035.084838402141
1035.1674395184318
1035.2595628739489
1035.3387431529352
1035.4142435807416
1035.4670199118705
1035.5180856817212
1035.5804173871525
1035.6454283125352
1035.69113615122
1035.7292584042966
1035.7732555105224
1035.829454758033
1035.8990831008682
1035.9687120083483
1036.0410520541511
1036.1106819465979
1036.1986475037538
1036.2941991007206
1036.3780322678133
1036.4418196243964
1036.4694214132087
1036.4696489742378
1036.4869855323936
1036.5023836443056
1036.512876689976
1036.5331505906236
1036.54144817116
1036.5470655591967
1036.5687935742226
1036.5922617937983
1036.5893246229132
1036.5546215638178
1036.498902976215
1036.4326620178056
1036.3649674757821
1036.2923677012257
1036.2085336152302
1036.1259262299093
1036.0526156850779
1035.980985170112
1035.9015423733447
1035.819388367676
1035.7411399979408
1035.675609888426
1035.6154705716185
1035.5391906151972
1035.4577778166395
1035.3624525190164
1035.2801053532385
1035.1987266401106
1035.1337138714957
1035.0730907316915
1035.0109812901221
1034.9535203577238
1034.9165895899769
1034.884791269605
1034.8596120715622
1034.850314415926
1034.860095842198
1034.8968025205127
1034.971077875213
1035.0162688767443
1035.0289534116316
1035.0501924326074
1035.0763396142484
1035.088315836084
1035.1149469816703
1035.1413534491494
1035.162852009677
1035.1831236613061
1035.2376134582605
1035.300433010721
1035.3971785261695
1035.473911380228
1035.5489337259492
1035.6149176261742
1035.6784808890327
1035.7471445619815
1035.8155826081443
1035.8832784318174
1035.9658889011607
1036.0394290881557
1036.1234936248325
1036.1975504386673
1036.2735454462222
1036.3336574567702
1036.4054895350575
1036.4653750925806
1036.4988536383678
1036.5276838225652
1036.519870508219
1036.48174342984
1036.416467371083
1036.3247839977737
1036.1952313640543
1036.0693590697929
1035.948394287957
1035.8374061973345
1035.7312926464517
1035.6305702273296
1035.5491526543024
1035.475321678204
1035.4102707057934
1035.346221390951
1035.28682106098
1035.2364596157086
1035.1748644819895
1035.1291521018002
1035.0937055720553
1035.066295062481
1035.0257155115207
1034.9907527048542
1034.9438130593335
1034.9046848118371
1034.8648487016837
1034.8201395809701
1034.7678793316895
1034.7188177293617
1034.6607184872487
1034.6177218172797
1034.5678817248825
1034.5305018366143
1034.499965714825
1034.4779473144815
1034.462549172359
1034.451316658991
1034.4442127724874
1034.4549247426057
1034.4679051890055
1034.4872456204046
1034.4948330061911
1034.4879893960865
1034.500225904482
1034.5234347845076
1034.5654271049716
1034.6230781754464
1034.6653313151196
1034.7119739714558
1034.7498024212155
1034.7876312770068
1034.8276911044256
1034.8638454794764
1034.9178177068031
1034.9820564576726
1035.0873601123587
1035.0873601123587
1035.139054345108
1035.1860289937404
1035.226608812255
1035.2715442198587
1035.3267460785005
1035.3790444165477
1035.4317931554035
1035.4906436952995
1035.5363241914567
1035.587396918741
1035.6313669734286
1035.6731421246272
1035.7251839763196
1035.7934012783758
1035.8611017671321
1035.9285442882838
1036.0079649713487
1036.0763772076448
1036.1352657126442
1036.186567809026
1036.248879397923
1036.3129025582543
1036.3476098699387
1036.3771838188857
1036.3615258338814
1036.297955669883
1036.204811590181
1036.1001740063864
1036.0048346874587
1035.8948380565082
1035.772154300166
1035.6575098494868
1035.5680482957566
1035.4724517897587
1035.389316882508
1035.317450818758
1035.2379973024024
1035.178109155449
1035.1345886112729
1035.0983962280789
1035.0661097745497
1035.0289496370515
1034.9822665237223
1034.9362912137108
1034.903037004486
1034.8651332274308
1034.8313952440922
1034.7881345020871
1034.7260520245136
1034.6573856975085
1034.5972751047893
1034.5454969779212
1034.5058449864023
1034.4501261796559
1034.433647511802
1034.4015113863293
1034.3860746852058
1034.3761789103246
1034.3709702155536
1034.3836160104902
1034.4102110272368
1034.4419394814474
1034.4800290270516
1034.517412328135
1034.5594455017133
1034.6027063366478
1034.6364446160908
1034.6706665100783
1034.6929107627434
1034.7180935952574
1034.737622790794
1034.7627690649122
1034.7877284895546
1034.8136551646617
1034.8571402503446
1034.903824054775
1034.9578362144557
1035.0176897497608
1035.068020485819
1035.112474627185
1035.1549937196005
1035.1979968684327
1035.248104369292
1035.287201687451
1035.3189705555135
1035.3634609962928
1035.417475345225
1035.4761394332374
1035.5487522206504
1035.6079006898526
1035.6670493948236
1035.7359813884245
1035.799554491299
1035.8741046292062
1035.9388720801312
1035.9926298833134
1036.0248847353803
1036.0512957311068
1036.0828081617028
1036.0947867778784
1036.0688600280191
1036.04929385187
1036.015553500158
1035.9346414794904
1035.8312252554563
1035.7278091915514
1035.6160961999512
1035.502897423259
1035.3955756230575
1035.303170951896
1035.224939970093
1035.133539009297
1035.0462688821149
1034.9594827583571
1034.868790775801
1034.7969218582139
1034.7426483370914
1034.6876309077693
1034.6441079503163
1034.601068525529
1034.5609678147887
1034.5269675834802
1034.4819939776598
1034.4267535724384
1034.3715133264259
1034.3231562019128
1034.2814215727233
1034.2442988143255
1034.2157318636105
1034.1922984088055
1034.17864833982
1034.1620207025603
1034.1341598202068
1034.1116544323165
1034.094543469083
1034.0959933836118
1034.1101654863749
1034.1324097966508
1034.1656651639103
1034.215770521825
1034.2744315629752
1034.338448719997
1034.4071162396206
1034.483856350162
1034.550069514969
1034.6197055088403
1034.6739044662922
1034.7156422839437
1034.7571572574846
1034.7847227597695
1034.820137488041
1034.8763105347966
1034.9271269013584
1034.9660013631471
1035.0278293834226
1035.0781628812194
1035.1189728545567
1035.1590394045968
1035.2040158354218
1035.2411796087856
1035.289319143677
1035.3377184608837
1035.380240701437
1035.4269290339025
1035.477524032048
1035.527375955647
1035.5809099162243
1035.6503297541879
1035.7219453057169
1035.788945061039
1035.8358932772517
1035.8757375139144
1035.892107689585
1035.905798181382
1035.9229113051815
1035.919488679617
1035.867406404467
1035.7957566992852
1035.7268202474754
1035.6390255851888
1035.5424493640314
1035.4492958649857
1035.3678620164048
1035.281294090038
1035.2001196521132
1035.1248228428453
1035.059050179992
1035.0133292150285
1034.9842373862457
1034.9539180147278
1034.9272813992866
1034.8969620743314
1034.8456237777834
1034.7927975329308
1034.7331260649887
1034.679071866644
1034.6167217794857
1034.5678391199422
1034.5272140292227
1034.4978615218772
1034.4709645913897
1034.4406451117368
1034.4012858519125
1034.3626711117702
1034.323089734193
1034.2876366320384
1034.2688127772353
1034.2624510922858
1034.2573173143892
1034.2556451353548
1034.2634568521207
1034.2664350322236
1034.2829197795659
1034.2996263581224
1034.319755012838
1034.3501119479497
1034.4053923366328
1034.4543111460882
1034.4985796725246
1034.5486880633132
1034.5874869009347
1034.617730055806
1034.6416121336251
1034.666982725649
1034.7023606096704
1034.7394875684147
1034.791272284393
1034.8496793388522
1034.913704314019
1034.9633320398852
1035.0131834807494
1035.0574174969597
1035.0950664255236
1035.1365857602598
1035.1710362047122
1035.222860008926
1035.278814620949
1035.3431375766052
1035.4096556199354
1035.4847302625983
1035.55121343064
1035.6206356160071
1035.6775944994965
1035.7470172123005
1035.8196040267462
1035.8995545682849
1035.9638440791705
1035.9946490093168
1036.0247110788553
1036.0484119254124
1036.0689486525164
1036.0804112688231
1036.0694000045435
1036.049573077183
1036.0106950380216
1035.9136294167379
1035.8123981099748
1035.7109419136552
1035.62853614238
1035.5507805067057
1035.463500116848
1035.3735408001921
1035.3041183093612
1035.2310135484586
1035.1637506101022
1035.0984588420288
1035.0304882018363
1034.976692197305
1034.9180224570982
1034.8596133119886
1034.7970377155566
1034.7439862193082
1034.6999750518462
1034.6654876616171
1034.6420125007567
1034.6283218217193
1034.6092363546652
1034.5994518489738
1034.6106868942968
1034.624638381874
1034.6517969783356
1034.6901905979578
1034.730034918847
1034.780147386872
1034.7960330835972
1034.762029239878
1034.724602599322
1034.7030615471047
1034.6815203922554
1034.6590120654262
1034.6318912005775
1034.605737453985
1034.5778724112358
1034.556146714604
1034.523370360649
1034.4878771563317
1034.4524223816761
1034.4277190812033
1034.4064384376209
1034.3905529539722
1034.3817350777433
1034.3824406840572
1034.375373090807
1034.3729561543942
1034.3702780419394
1034.3773845612016
1034.391075251348
1034.4272744316609
1034.4664127789556
1034.4722912376415
1034.494055132793
1034.5219199601372
1034.540744670114
1034.5482960797924
1034.5565918989162
1034.5657086359163
1034.5772426697308
1034.6102795004406
1034.64937929905
1034.7148180855088
1034.7968879268944
1034.8916827957096
1035.033690935223
1035.2123841127352
1035.3923067819555
1035.5693272977917
1035.754387393351
1035.9235620815082
1036.0941910373087
1036.3054133756332
1036.4985542870813
1036.6425476174431
1036.744011814087
1036.826907270454
1036.851610871422
1036.7433003720682
1036.6129673388402
1036.4657457068881
1036.3011827551252
1036.1180193620667
1035.9610461116454
1035.8121468508848
1035.6825586003479
1035.5854887046803
1035.5067612024716
1035.4497989838057
1035.383276184154
1035.316529304514
1035.2287613441088
1035.1512624036195
1035.0725360366037
1034.9872245136876
1034.910954267069
1034.8515380120296
1034.8075246156004
1034.7813697102754
1034.780886128432
1034.7901874704094
1034.8019067566966
1034.8446923166082
1034.8970023529082
1034.9441782860506
1034.9947772623987
1035.0106639025369
1035.0153145205397
1035.0304571567287
1035.0431443765074
1035.0565756669657
1035.0805359845633
1035.0932601264929
1035.1223548082066
1035.1529008240564
1035.1905529038386
1035.2235544526893
1035.2484825649467
1035.276349852354
1035.3125146205616
1035.3503910486716
1035.3973089826643
1035.4564674002097
1035.5073282309213
1035.5408145454535
1035.5689420510864
1035.6070790024594
1035.6515780340578
1035.7041506135045
1035.7723516200072
1035.8205331701192
1035.8466899755354
1035.8581864498117
1035.86674402017
1035.8410713166415
1035.811457195773
1035.7649525017264
1035.7167705557995
1035.6570919126061
1035.578362028333
1035.48568053792
1035.3986174797155
1035.3120743117015
1035.2284343456026
1035.1543560092955
1035.0707530361883
1035.0003215268023
1034.936996475964
1034.8874010311658
1034.8502698780728
1034.814329033275
1034.781104776607
1034.758149444991
1034.7322548809054
1034.7171507540334
1034.7006722887143
1034.676120500114
1034.6600878669024
1034.655290599823
1034.6455439895908
1034.626757151095
1034.625898502395
1034.6093762026387
1034.5985476771705
1034.6047562273197
1034.6190768147617
1034.6476110823785
1034.6751786398036
1034.6761073203606
1034.6846263428868
1034.7066146727598
1034.7188559391595
1034.7298692298443
1034.7271524717894
1034.7173288384104
1034.6928461024374
1034.6578717503282
1034.6243478050574
1034.602059641147
1034.5712137932396
1034.5345275783889
1034.5115333663357
1034.4944183282612
1034.4885391249302
1034.4853774093688
1034.482960391559
1034.4797595030789
1034.4738802958548
1034.4633499577906
1034.4540870032479
1034.4572879398759
1034.4734361069607
1034.4969136393142
1034.5066991993604
1034.5399622618645
1034.579549007384
1034.6161964133692
1034.6518770581065
1034.673382214811
1034.6987555086396
1034.7361481524174
1034.7693734359016
1034.8043104532917
1034.8539072404915
1034.905737446082
1034.9592793544082
1035.022867672361
1035.0864559356467
1035.1471047552427
1035.2226738972608
1035.3031175944311
1035.3698689161556
1035.4234116473917
1035.4740152700242
1035.5312412807214
1035.551260792168
1035.5407314699705
1035.5160254367806
1035.461738405145
1035.4042521173615
1035.3457979764144
1035.2868599704107
1035.231121622742
1035.1707324992183
1035.1113109894875
1035.0445595648496
1034.9809708033408
1034.9313352623433
1034.886611672585
1034.844827856389
1034.797686968765
1034.7485740699556
1034.7050796316416
1034.662068953415
1034.6283606687402
1034.589818018275
1034.5534319602036
1034.5153347225873
1034.468902563599
1034.447136747728
1034.4292379545875
1034.4172181968627
1034.4162120642761
1034.420079019124
1034.4249521342952
1034.4178447189513
1034.4088038296725
1034.3904210930305
1034.384280279453
1034.3681318228219
1034.3270555021536
1034.3029124927518
1034.2892603724517
1034.2778031159114
1034.2828577801122
1034.2998930194276
1034.316968300663
1034.3384731990072
1034.3763485769234
1034.4157137818918
1034.4572345321235
1034.5036682382097
1034.5449675358386
1034.587978607477
1034.6412592969355
1034.7072658620218
1034.7757287840261
1034.8441918670424
1034.8891765529643
1034.9008968530643
1034.9038364221963
1034.8957620960566
1034.8766738405698
1034.8267769621896
1034.7712617258035
1034.7103506510628
1034.6509286841472
1034.5956746376653
1034.5404207504432
1034.5000877699295
1034.4648896240003
1034.4470291250473
1034.4384712881554
1034.4467676526253
1034.4592320174752
1034.4880673342877
1034.544288057961
1034.6239878371114
1034.7056606919302
1034.7831659775752
1034.851629961593
1034.8914804162446
1034.9110524782473
1034.9272013054713
1034.953842616131
1034.985358137638
1035.0220086954182
1035.0518505149544
1035.084371300427
1035.1335246448407
1035.1797385102045
1035.2223057784288
1035.265356715583
1035.301784666262
1035.3421197824246
1035.3763524455667
1035.4259898786236
1035.4582871107486
1035.5034975536169
1035.5778063336859
1035.6264763243441
1035.655090445688
1035.6873522105184
1035.7367307279262
1035.7865935188613
1035.835488442561
1035.8817036745818
1035.9154531142644
1035.9428399711994
1035.9707453604944
1035.9822429456474
1035.9766237728973
1035.9607345679144
1035.9045087610016
1035.8431134638734
1035.7829456655459
1035.71421948582
1035.637902886546
1035.5537715908315
1035.4835935504013
1035.419518352762
1035.3591266498383
1035.295535362407
1035.22487404861
1035.1500454928878
1035.0801288752048
1035.0128538225879
1034.9548810984957
1034.8886109640207
1034.823791557666
1034.7675301913007
1034.712535673464
1034.6484999171657
1034.5897823102991
1034.5381723601274
1034.48779058782
1034.4557532290912
1034.4337239880922
1034.42270933825
1034.4224875978575
1034.4352138375518
1034.4594379989085
1034.512014701223
1034.5697263024463
1034.62669323096
1034.6694838428657
1034.7066561460267
1034.7540595452438
1034.813183761736
1034.8720859751652
1034.932700250027
1034.996999058382
1035.0488327725604
1035.0957546490172
1035.1439422381557
1035.1945484109256
1035.2432197469539
1035.283332640786
1035.3263850798544
1035.367241944067
1035.413717590595
1035.4755620968601
1035.544029816149
1035.6132057284303
1035.6938801338788
1035.7623133828495
1035.7984839828073
1035.8195087618576
1035.841761247789
1035.8708606781327
1035.9060635240503
1035.937843001578
1035.9622914834313
1035.994071122671
1036.005569199297
1036.0026298501461
1035.997494613359
1035.9525051504904
1035.8886866844193
1035.804811675187
1035.7153177314854
1035.6116464515453
1035.5175020856977
1035.426521268909
1035.3225909277228
1035.2281868396217
1035.1362387788797
1035.0557891144013
1034.9889951311427
1034.9210110094348
1034.8691767527023
1034.8229612242412
1034.7769681226719
1034.7324643317565
1034.70459394525
1034.6757175382986
1034.6505257602628
1034.6282739087762
1034.6121633466487
1034.5982479500453
1034.5882393552447
1034.5846334611485
1034.5809881484076
1034.5649961385845
1034.5494876444884
1034.5295499206131
1034.509834433884
1034.4708086016042
1034.4442080126566
1034.447734382842
1034.4649928986742
1034.4822911568042
1034.503535677476
1034.524296911617
1034.5399233960402
1034.5433072171693
1034.5503362814502
1034.5879135008627
1034.6318543891027
1034.684615461168
1034.7420286538443
1034.795052018958
1034.8634811069442
1034.9301991002044
1034.992787890917
1035.0433949085045
1035.0969418903392
1035.1514564145423
1035.212073851752
1035.2492110470134
1035.2760779937253
1035.302721789119
1035.3323053888253
1035.3829139624536
1035.430359455872
1035.4511608373402
1035.4594594281975
1035.4606873424598
1035.4753491644435
1035.491722789383
1035.5142359256026
1035.544787657501
1035.5910055246713
1035.6609643206282
1035.7369906870017
1035.7592438829595
1035.7460336012157
1035.7193531694495
1035.6621203456093
1035.5667443858783
1035.4623259146963
1035.352772511471
1035.2510340474469
1035.174488449453
1035.096231219214
1035.0231093814527
1034.9443688238096
1034.8832294762542
1034.834555926127
1034.7875941028099
1034.7298783353092
1034.679976466661
1034.6347658674488
1034.5770900704028
1034.5110778500914
1034.444804169242
1034.3858607240445
1034.3352544864385
1034.3024700490855
1034.274820682737
1034.2508567229706
1034.2246978626547
1034.202445663005
1034.185811788763
1034.180193480365
1034.1758036963336
1034.1736088071357
1034.1728634736908
1034.1708896138541
1034.163559607795
1034.1474088984423
1034.1324867084177
1034.13591012121
1034.1410452411533
1034.160095018309
1034.1718148321606
1034.18198731617
1034.2588738903162
1034.3552115891791
1034.4292976602808
1034.5021556526217
1034.5801490910376
1034.6442271696872
1034.7053261153205
1034.7691042497106
1034.8204173118966
1034.8665955595982
1034.9115459853956
1034.9530732780463
1035.0073279099697
1035.048149599332
1035.0752772031058
1035.106312137441
1035.136640654188
1035.1552095837146
1035.1676758163742
1035.1891847402994
1035.2146010297092
1035.260819680135
1035.3173092414158
1035.3750269300017
1035.4263812480694
1035.4975333384234
1035.564294316777
1035.6083178090737
1035.6496255074196
1035.7148991251822
1035.7997472605596
1035.8758122218571
1035.939894288786
1035.984402377405
1036.014247471439
1035.9988408171764
1035.9455139170082
1035.859661841609
1035.7716139224533
1035.690897404256
1035.5994259294916
1035.4817932188132
1035.373687567781
1035.2778253742003
1035.1934625193999
1035.1200773245896
1035.0430457362193
1034.9655307749053
1034.8884996337104
1034.8134417908218
1034.7464598307674
1034.7034037434498
1034.6725916011255
1034.6505602847915
1034.6297572753592
1034.601362044574
1034.5741951089817
1034.5546203308688
1034.5379857586547
1034.5235463181239
1034.5084019529631
1034.4920291808514
1034.4812348275184
1034.4753543011052
1034.4506440242862
1034.4168914582863
1034.3914358930128
1034.363301922322
1034.3469292679265
1034.3369205624397
1034.3293281087126
1034.3207691595737
1034.3131766846302
1034.3004897887777
1034.3002686493962
Keyboard Interrupt
