1023
1023
1023
1023
1023
1023
1023
1023
1023
1023
1023
1023
1023
1023
1023
1023
1023
1023
839
379
7
0
0
0
0
0
0
0
0
0
0
0
0
29
169
349
489
544
527
514
443
323
209
146
194
382
680
962
1023
1023
1023
1023
1023
1023
1023
1023
1023
1023
1023
1023
1023
1023
1023
1023
1023
1023
1023
1023
1023
1023
1023
996
908
816
739
633
536
432
337
298
268
218
233
222
152
119
30
0
0
0
0
0
0
0
0
0
0
0
0
0
0
0
0
0
0
0
0
0
0
57
121
164
214
268
331
453
693
1008
1023
1023
1023
1023
1023
1023
1023
1023
1023
1023
1023
1023
1023
1023
1023
1023
1023
1023
1023
1023
1023
1023
1023
911
350
0
0
0
0
0
0
0
0
0
0
0
0
0
0
0
0
0
0
0
0
68
158
278
387
451
481
518
562
603
675
772
821
848
878
927
975
1023
1023
1023
1023
1023
1023
1023
1023
1023
1023
1023
1023
1023
1023
1023
1023
1023
1023
1023
1023
1023
1023
1023
1023
1023
1023
1023
1023
972
835
706
597
363
0
0
0
0
0
0
0
0
0
0
0
0
0
0
0
0
0
0
0
0
0
0
0
51
153
302
560
943
1023
1023
1023
1023
1023
1023
1023
1023
1023
1023
1023
1023
1023
1023
1023
1023
1023
1023
1023
1023
1023
1023
1023
1002
816
675
593
482
404
280
73
0
0
0
0
0
0
0
0
0
0
0
0
0
0
0
0
0
3
103
204
191
0
0
0
34
165
276
381
472
543
610
662
717
764
822
882
911
992
1023
1023
1023
1023
1023
1023
1023
1023
1023
1023
1023
1023
1023
1023
1023
1023
1023
1023
1023
1023
1023
1023
1023
1023
1023
1023
1023
1023
676
237
0
0
0
0
0
0
0
0
0
0
0
0
0
0
0
0
0
0
0
0
11
62
114
183
271
335
359
389
420
450
457
471
506
647
866
1006
1023
1023
1023
1023
1023
1023
1023
1023
1023
1023
1023
1023
1023
1023
1023
1023
1023
1023
1023
1023
1023
1023
1023
1023
989
848
686
603
541
465
410
346
269
240
248
192
0
0
0
0
0
0
0
0
0
0
0
0
0
0
0
0
0
0
0
0
0
37
154
274
310
274
266
213
183
185
211
254
313
399
530
728
961
1023
1023
1023
1023
1023
1023
969
802
575
317
89
149
316
488
597
631
630
791
1023
1023
1023
1023
1023
1023
1023
1023
1023
1023
1023
1023
1023
1023
1023
1023
1020
981
999
1023
1023
1023
1023
1023
1023
1023
1023
1023
1023
1016
940
871
868
824
754
706
608
448
267
31
0
0
0
0
0
0
0
93
105
0
0
0
0
0
0
0
47
407
662
838
1003
1023
1023
1023
1023
1023
1023
1023
1023
1023
1023
1012
886
764
627
524
441
451
417
328
220
139
49
0
0
15
65
54
8
80
146
160
0
0
0
0
0
0
0
0
0
0
0
0
0
0
0
0
0
0
0
0
0
161
410
602
740
709
527
457
491
510
503
529
594
639
653
680
747
804
837
911
1000
1023
1023
1023
1023
1023
1023
1023
1023
1023
1023
1023
1023
1023
1023
1023
1023
1023
1023
1023
1023
1023
1023
1023
1023
1023
1023
1023
968
599
282
10
0
0
0
0
0
0
0
0
0
0
0
36
399
837
1023
1023
1023
1023
1023
1023
1023
1023
1023
1023
1023
1023
1023
1023
1023
1023
930
696
477
245
23
0
0
0
0
0
0
0
0
0
108
652
1023
1023
1023
1023
1023
1023
1023
1023
1023
1023
1023
1023
1023
985
908
850
754
673
615
495
339
183
73
0
0
0
13
0
0
0
0
0
0
0
0
0
0
0
0
0
0
0
0
0
0
0
0
0
0
0
0
0
36
119
79
121
162
236
339
448
555
672
851
1023
1023
1023
1023
1023
1023
1023
1023
1014
951
902
842
798
777
841
1007
1023
1023
1023
1023
1023
1023
1023
1023
1023
1023
1023
1023
1023
1023
1023
1023
1023
1023
1023
1023
1023
1023
1023
1023
1023
1023
734
418
247
96
3
0
0
0
0
0
0
0
0
41
214
317
401
419
549
846
1023
1023
1023
1023
1023
1023
1023
1023
1023
1023
1023
1023
1023
1023
1023
1023
1023
1023
1023
989
912
807
704
634
573
501
414
117
0
0
0
0
0
0
0
0
0
0
0
0
0
0
0
0
0
0
0
0
0
0
0
0
0
11
111
215
318
431
577
738
1023
1023
1023
1023
1023
1023
1023
1023
1023
1023
1023
1023
1023
1023
1023
1023
1023
1023
1023
1023
1023
1023
1023
1023
1023
1023
1023
1023
1023
1023
1023
964
673
684
790
798
772
773
742
417
0
0
0
0
0
0
0
0
0
0
0
0
0
0
0
0
0
0
0
69
137
204
256
312
398
482
588
665
693
765
897
964
993
945
930
1023
1023
1023
1023
1023
1023
1023
1023
1023
1023
1023
1023
1023
1023
1023
1023
1023
1023
1023
1023
1023
1023
1023
1023
1023
1023
1023
1023
1023
1023
1023
921
819
782
736
699
624
290
0
0
0
0
0
0
0
0
0
0
0
0
0
0
0
0
0
0
0
0
72
180
205
236
