CHIP_ID(id=88)
1048.5773130896262
1047.863089740448
1047.3310337589583
1046.9138429124362
1046.6090406211658
1046.3963433185065
1046.2772050764759
1046.2528452049125
1046.343555870623
1046.4740893998617
1046.658310524637
1046.863719600187
1047.0425183750099
1047.1714861248345
1047.249167401858
1047.2667483306261
1047.2332714546565
1047.156068567447
1047.078865650401
1047.0405923843857
1046.8478802532313
1046.6360856955994
1046.4159738259216
1046.1931582805075
1045.9842641520322
1045.7900235530783
1045.652199396601
1045.692993793817
1045.985741113168
1046.4378112840493
1046.946115876376
1047.338162281549
1047.5129564352264
1047.4128194803181
1047.1125203167148
1046.916806583715
1046.8818829699687
1046.9251601480364
1047.0126660078097
1047.2267664321726
1047.4609092187939
1047.6872319214192
1047.8859468204557
1048.1110565656854
1048.3547363165494
1048.6700373439608
1048.995846673361
1049.2940501566322
1049.520636633237
1049.6303909842825
1049.6900374079655
1049.744551305781
1049.7159763308082
1049.5346354077449
1049.261395300046
1048.9409782747757
1048.5878024899407
1048.2351211248795
1047.886355361036
1047.615561614932
1047.405138696084
1047.2638796536014
1047.2013192475283
1047.0903748721446
1046.9808905934033
1046.9100248496795
1046.821800526925
1046.7316244937035
1046.6487814073344
1046.6482997576857
1046.7358115808267
1046.91400167029
1047.1713769647715
1047.4480664494963
1047.7179163809901
1048.0210084951752
1048.3857008611312
1048.4951649138434
1048.9571478414837
1049.4130058861008
1049.8419356317058
1050.2319803639534
1050.62322822053
1050.9983262837738
1051.3228345816108
1051.5549275905908
1051.7214838211619
1051.8454964407335
1051.9208440519467
1052.0179200928872
1051.9926640057186
1051.8344247582718
1051.5307623078793
1051.1388760213597
1050.7401755218832
1050.2974831084407
1049.7575008192614
1049.2209688146365
1048.7154958566261
1048.238610025228
1047.8010842542192
1047.4420293203286
1047.1650034362226
1047.0248921643743
1047.0023621717096
1047.0639218028916
1047.1799112553724
1047.250976053994
1047.3656805063683
1047.3613207966723
1047.266999891409
1047.1944297484606
1047.2668413473307
1047.4859361087497
1047.737416550452
1048.032687382962
1048.4658704661133
1048.9523508138896
1049.3829373529154
1049.7697649813947
1050.1517127634484
1050.560546130172
1050.925860512011
1051.195815543998
1051.4748261188574
1051.6643540545506
1051.8220935991264
1051.9570934389656
1052.0329181769166
1051.951283617447
1051.7165972595037
1051.4078233378734
1050.985856584381
1050.4927367777718
1049.9756601278561
1049.4676359363268
1048.9312503968345
1048.42298170329
1047.9550605977727
1047.533589222024
1047.1803333800149
1046.8544596177612
1046.5987499891323
1046.409291219772
1046.2755678255633
1046.1958740014093
1046.1103140217458
1046.0049503090022
1045.8313777278274
1045.6424043416284
1045.5407065563209
1045.594737527894
1045.7485103631764
1045.960962490547
1046.2506710911102
1046.5978396037758
1046.9589481542587
1047.3388893322517
1047.7249532790433
1048.0978244828616
1048.5073758523185
1048.9308670323244
1049.3646359066902
1049.7617410125335
1050.1957819483666
1050.6533046782333
1051.0790432716212
1051.4060026505613
1051.7239167356895
1051.9882786331525
1052.159481301009
1052.1783361683495
1051.9915418459252
1051.7643907845504
1051.4667993859541
1051.0173560497337
1050.5762398654404
1050.2385579328172
1049.8148015914062
1049.382237654336
1048.9231370347634
1048.4778018597424
1048.0403086303259
1047.634398276169
1047.273992564926
1046.9720426172187
1046.7160644072935
1046.577036750896
1046.4633735624095
1046.381728965198
1046.2154891504097
1046.0580480944598
1046.0331181222944
1046.11502580127
1046.2316186673336
1046.456764448448
1046.7532991818664
1047.1107647659505
1047.4675053052838
1047.8731512405118
1048.2245213778106
1048.5932682388004
1049.02020646299
1049.4544779780786
1049.9236042784296
1050.3110527471797
1050.7261274018651
1051.0995392613395
1051.4267127499281
1051.7251361186447
1051.9516926310764
1052.1259133632018
1052.2670943834644
1052.3632740544867
1052.2261303954876
1051.9546984501512
1051.6399737904367
1051.215190880469
1050.7370839582122
1050.2812192783133
1049.840531541658
1049.3460522617759
1048.8831353093783
1048.4620357876904
1048.1003622031783
1047.7328244232199
1047.5552965880704
1047.331550153111
1047.1792083938897
1047.1457111030809
1046.975271041802
1046.8351531898031
1046.6769382002408
1046.655179851816
1046.6921115929915
1046.8606042450383
1047.1856055772673
1047.4465420180097
1047.687920387153
1048.0085393312288
1048.3692688797717
1048.647581050312
1048.890927407771
1049.418225481011
1049.7603859101237
1049.975861635336
1050.2732801717455
1050.8578590926654
1051.2377295146102
1051.61172286681
1051.8555982247003
1052.132101223366
1052.3259693550276
1052.3881727344287
1052.3801781679451
1052.0918541995939
1051.6900332474643
1051.2928560707762
1050.6887475938522
1050.1291595099956
1049.5331312422215
1048.9879796804212
1048.5098530763673
1048.051041598702
1047.6927591703827
1047.5022448042735
1047.387548166063
1047.3305688743374
1047.1938152375544
1047.0935597938148
1046.9653841515792
1046.8836966338426
1046.8369651258852
1046.9479793874302
1047.0905435810646
1047.220593782486
1047.4636829819478
1047.7478609346517
1048.0283792826035
1048.2832241516362
1048.5378228186007
1048.7948794376728
1049.047283234407
1049.3070296045837
1049.6230238755106
1049.913832852627
1050.0165722483246
1050.2423281035394
1050.449999685134
1050.5921222433747
1050.7009691302412
1050.834579945732
1050.9386432708573
1050.9136123519465
1050.7394222436574
1050.5209269632367
1050.1739818865356
1049.7025068403245
1049.1842958777806
1048.64462420349
1048.1631191678443
1047.6901433394896
1047.2814789162617
1046.9212308694798
1046.627259328641
1046.3946721475004
1046.2308086983708
1046.0928685109104
1045.9764507269674
1045.8524491618516
1045.7533940601722
1045.7886143298877
1045.9652050076254
1046.247216838703
1046.5668993029203
1046.9587455810504
1047.3960927236756
1047.8461659683262
1048.315822739141
1048.7823062248326
1049.2825552285033
1049.785271103547
1050.2202331452372
1050.6224140594638
1051.0057829410332
1051.418509264755
1051.776443561817
1052.0188947901886
1052.21635207049
1052.3893436210144
1052.5097398630844
1052.534959421269
1052.3311617213706
1052.0082353183495
1051.6721026914806
1051.1710770051957
1050.5998450194813
1050.0738752389664
1049.5435191980418
1048.4952914541886
1048.4952914541886
1048.081066054829
1047.7371010881457
1047.44330857248
1047.2324533277626
1047.098164889302
1047.0228287861946
1046.8927032487418
1046.7640474463421
1046.5588341457574
1046.2770389488026
1046.1478851933016
1046.192423531606
1046.2968413871015
1046.570788090894
1046.9871245841287
1047.3809480707773
1047.7667484760493
1048.149623839234
1048.5591688348288
1048.9337413787
1049.3083166062186
1049.6814304059296
1049.9902075144837
1050.2706079664147
1050.6151109735201
1050.8982037227622
1051.1489977233332
1051.4103266738937
1051.5852770023992
1051.5512787539608
1051.4309167808765
1051.2126940803278
1050.8552517998362
1050.428812959243
1050.0035987097397
1049.5999217671176
1049.166881988955
1048.7084081940998
1048.3098776643324
1047.9228404874784
1047.588411911855
1047.2965509188327
1047.0741718148429
1046.883841211792
1046.756875722162
1046.6524157217927
1046.4956015676485
1046.3201944236584
1046.1739000385037
1046.223072973458
1046.3972583443208
1046.6255128368703
1046.9597021273769
1047.347965947022
1047.699782622908
1048.0682411885257
1048.5463152976095
1048.938033949337
1049.3035786750413
1049.7285842707774
1050.129380354051
1050.5864534011246
1050.9126315232463
1051.2346248757378
1051.588964750002
1051.9720536977022
1052.1681102028551
1052.3137479735387
1052.4760250492272
1052.5098349268958
1052.3070030143772
1051.9893849315063
1051.6279820833192
1051.1917237869923
1050.7312316163886
1050.270250246891
1049.8508705912473
1049.4126293511313
1048.9694504118575
1048.5395393018596
1048.1487343948502
1047.824027913934
1047.5632034899932
1047.3758211346913
1047.2283096006656
1047.1099093062383
1046.9817187783267
1046.8116931549087
1046.6034991627475
1046.5340203965911
1046.5474674443128
1046.7177575981777
1046.9868944253942
1047.3318612704825
1047.6609304091844
1047.9956305057522
1048.3687446371898
1048.7364831063483
1049.0738876235941
1049.4374781814895
1049.8540065548095
1050.1933834746605
1050.5344761759463
1050.8325125381825
1051.1002119646616
1051.3199708444001
1051.5118862678905
1051.7147514864998
1052.0039173288114
1052.2198937906787
1052.3014939560596
1052.213719220973
1052.0285337828639
1051.7163228792735
1051.3189482513058
1050.8655163020342
1050.446583726742
1050.0587255632718
1049.6583758678098
1049.2548556775828
1048.887310922144
1048.539101648981
1048.309327819707
1048.0927738921475
1048.0355206979511
1047.9944159798547
1048.0154666145127
1047.9824360183331
1047.9065818378424
1047.7678388773911
1047.679750614076
1047.6621353112334
1047.7502325552105
1047.9748773290155
1048.3081813633871
1048.604288985093
1048.8955108115217
1049.2050904314244
1049.5232405793467
1049.8103089677697
1050.1081630608312
1050.4258371569003
1050.781936146487
1051.0761274786519
1051.368356029163
1051.6853202998486
1051.9413416843545
1052.167256304765
1052.454123425477
1052.5483548520601
1052.5941423851568
1052.584611664352
1052.4429197397935
1052.1636706134925
1051.7823540937584
1051.3736284386077
1050.9556103087823
1050.5199850585914
1050.0870442925273
1049.6926180472806
1049.4119694038557
1049.1232195458538
1048.8772853995602
1048.6771126621443
1048.5026282815454
1048.3599599868037
1048.2395612809391
1048.108832598989
1047.97518405711
1047.9000755573275
1047.8953996162693
1047.9582868258024
1048.1675189556258
1048.4905453665133
1048.8133401374148
1049.0629677354223
1049.2927731099396
1049.60970003576
1049.9021552526806
1050.2053959088078
1050.482091316005
1050.8438488310987
1051.2320449405388
1051.539967108048
1051.8119177815179
1052.108589366825
1052.5437899666417
1052.7320631799864
1052.8664762771823
1053.0222599522783
1053.1250607071595
1053.1660143654942
1053.0439392890185
1052.7919015834925
1052.4862119275588
1052.1305795447233
1051.7309995537983
1051.3005165443724
1050.8474729923535
1050.4157484140653
1050.1262402210623
1049.8435694770988
1049.5931989761154
1049.3915320603064
1049.2699006544672
1049.2473939550707
1049.3019890403423
1049.4001513991898
1049.4833850103169
1049.4586743956297
1049.3142657151163
1049.1933538896872
1049.1772011568592
1049.3654353554402
1049.6175593355945
1049.8337039203018
1050.0182665201494
1050.2765096085977
1050.5920434841414
1050.8936212098554
1051.1592324553303
1051.46424421386
1051.7991363946594
1052.0606088661016
1052.3764868331982
1052.6208794734955
1052.8077251274474
1052.9485424712211
1053.0793164603515
1053.069548099552
1052.9131509436688
1052.6526900377223
1052.3170832814665
1052.0135442339442
1051.6994692935662
1051.3100106227892
1050.9278846626776
1050.5758628698163
1050.2808393158782
1049.9856367271502
1049.719804508551
1049.5212912133754
1049.3416182130504
1049.161213296932
1049.1054059860462
1049.157793437954
1049.1825226444876
1049.2630671401678
1049.4608675159684
1049.687310406489
1049.8711660172098
1050.0819512035735
1050.378913080457
1050.6504147305723
1050.6279612793728
1050.9442579300705
1051.267119119374
1051.5187124465667
1051.8275546653829
1052.0450673352161
1052.3088251412278
1052.6107509300068
1052.8337736026872
1052.9493234252107
1053.1257559213182
1053.1509055209324
1053.0676407639692
1052.9126583851832
1052.7437318794664
1052.459261938838
1052.1077783823284
1051.782233176121
1051.5629162899559
1051.3044222121648
1051.0062609815345
1050.7945132866025
1050.6199868490196
1050.5468038678996
1050.5313930288974
1050.4846451063477
1050.411209740381
1050.3580980204583
1050.25437259515
1050.0372167895127
1049.8649248939948
1049.7434854220148
1049.6555802042476
1049.685926410387
1049.7703772362602
1049.894019979308
1050.0321450469612
1050.2221579864402
1050.4273492143116
1050.6220115080696
1050.7828931548472
1050.9868636256326
1051.2265904113844
1051.4636113153947
1051.6732134578515
1051.8757249459316
1052.0990451803941
1052.319433100007
1052.3799317495784
1052.5104674641004
1052.7048975847713
1052.7869335087132
1052.812899464991
1052.8055509528815
1052.813647515884
1052.5866670936512
1052.352102311844
1052.2512305495056
1052.0359967042298
1051.7150053966511
1051.4143443719522
1051.1415985956332
1050.8460798604654
1050.5574172048794
1050.3240817398228
1050.1397192408717
1049.9502152354248
1049.7482233259645
1049.5726729214603
1049.4512352004847
1049.3589402374796
1049.2857395845363
1049.1006445036703
1048.895715730342
1048.6327421530752
1048.673455570604
1048.7594426760388
1048.851782956167
1048.9859807090388
1049.1357715617387
1049.342689100954
1049.5909900655345
1049.857164680451
1050.096407765177
1050.3787478541324
1050.6603536703622
1050.9370639616313
1051.227731870711
1051.4909800378764
1051.737569142934
1051.998127669145
1052.279022096312
1052.447500232649
1052.5212259696818
1052.570936606284
1052.6456478913888
1052.5731778522502
1052.363319466238
1052.1086087316703
1051.8367630844873
1051.5196275922199
1051.151318017727
1050.808260867624
1050.5291180835748
1050.257325786747
1050.0489620379578
1049.9067111715099
1049.767638594712
1049.6268523067554
1049.5201034444374
1049.428531283968
1049.328816274846
1049.2479774125784
1049.2119551811393
1049.2342088336525
1049.3008515029037
1049.3390799103754
1049.325643501003
1049.2115693940825
1049.0416658968018
1048.8418844220996
1048.7121205052622
1048.6548313616368
1048.6413706827168
1048.7366221868933
1048.8610167107204
1048.9949835731882
1049.109595881048
1049.2357191178896
1049.4725295568455
1049.6880382328648
1049.9219176185145
1050.2361208275909
1050.5292700516084
1050.808952503475
1051.2505148829682
1051.5583709001771
1051.783452802657
1052.0832246228883
1052.3719839561168
1052.4733865721446
1052.4807524675907
1052.5339150989184
1052.529756216561
1052.327218959349
1052.0438678331996
1051.9280348575764
1051.7705785574906
1051.5362137150616
1051.266087023173
1050.9937557667454
1050.7101575045608
1050.4417492452321
1050.259540539856
1050.1339129684611
1050.0136698234426
1050.011472054287
1050.015391533949
1050.0053547720174
1049.9975231311128
1049.9845484776317
1049.9321443129616
1049.7592468486866
1049.5483924801013
1049.3730480068684
1049.3556622065378
1049.3262762143022
1049.3093807989487
1049.3404860683756
1049.45094083074
1049.5574716453061
1049.6860526230253
1049.8273683871696
1049.966971158515
1050.141353793234
1050.3137745130773
1050.4499528766128
1050.5912757962076
1050.7394578167987
1050.8704868177692
1051.0047151419285
1051.1739660954338
1051.3351381199666
1051.4333673139568
1051.543838813632
1051.6214833587796
1051.6339891875714
1051.5957905771775
1051.5450984888673
1051.417948713506
1051.2231942450762
1051.0353136822616
1050.8927029628755
1050.706517596051
1050.5409669087924
1050.3866844883414
1050.236321444686
1050.0947713297223
1049.9715880651072
1049.9015491880011
1049.911351309026
1049.869232330326
1049.7871925512916
1049.771279121979
1049.7073638234403
1049.614748104718
1049.619115707749
1049.662431293236
1049.7184904957355
1049.7926789000567
1049.9097216247774
1050.046359790437
1050.1793277695022
1050.2471641589975
1050.3491151449336
1050.522313343116
1050.705564414718
1050.850374759829
1051.0008366815389
1051.1397743919144
1051.2799297124468
1051.4012179245137
1051.4228104719193
1051.5031805902443
1051.5487676755406
1051.5306615025959
1051.4263306214086
1051.2546359002345
1051.0807344583905
1050.8737629417053
1050.600652808034
1050.4309121807848
1050.2890962953609
1050.0355808476932
1049.7989700425678
1049.6527429268183
1049.5106784373668
1049.30493071336
1049.1660520270477
1049.094285823061
1048.9909202518836
1048.873104318304
1048.6435973579871
1048.3719620604434
1048.019990780971
1047.795877472756
1047.6518581055132
1047.6325089329903
1047.6981479834271
1047.7525230918013
1047.8323720739504
1047.9548375155966
1048.1140445315905
1048.2877041611277
1048.4767968044391
1048.7293321844747
1048.9642353180889
1049.2025712269137
1049.448993537234
1049.7782146015818
1050.0435067693109
1050.2598089349349
1050.4731750725014
1050.7183916031418
1050.9562615391917
1051.173306714972
1051.261011874088
1051.188508927035
1051.1113430654375
1051.0283007778075
1050.8644223773872
1050.6473779952776
1050.4996662243832
1050.3632251587405
1050.2042435978565
1050.0374280428123
1049.8801622828212
1049.7209441647087
1049.5673557772047
1049.4938694002235
1049.3216560391652
1049.18324356694
1049.0499815504184
1048.8990880915612
1048.7533427880878
1048.6629567799596
1048.6639356808953
1048.6546269433
1048.6651589674905
1048.7364216755202
1048.887039540814
1049.0712110678076
1049.2277092358026
1049.4200101447414
1049.6417071711787
1049.8173564682654
1049.9702248024844
1050.117462556608
1050.317853592922
1050.5371113869905
1050.7326007736913
1050.9462230138072
1051.1422093855583
1051.3707800989441
1051.4969558524538
1051.5998009422472
1051.680602459911
1051.7759237504288
1051.7777450891672
1051.7746368477822
1051.7212911445283
1051.5677216533668
1051.3649061315211
1051.175796934951
1050.9903563659486
1050.714994792177
1050.4401169422151
1050.2049263705558
1049.9633679246149
1049.7264686755652
1049.531704789747
1049.3550684606403
1049.2374763976625
1049.2193488904259
1049.108125848588
1048.8832291806234
1048.6575985257814
1048.491259428062
1048.4606376011316
1048.4140911058953
1048.3670537206212
1048.4285415676077
1048.5596055222804
1048.678422225019
1048.7604926057738
1048.8744126298634
1049.0130780868606
1049.1897186692759
1049.3621972984706
1049.5405575407842
1049.7870296543888
1050.0719694799143
1050.3035042847573
1050.5541504580324
1050.7991634679317
1051.0297257684788
1051.250000338556
1051.385253621972
1051.5205079310424
1051.6072577905045
1051.539885446881
1051.4465446186477
1051.3806456818395
1051.2128109140585
1050.9675534363919
1050.8372031012173
1050.7404296552622
1050.5975892902811
1050.4336763762713
1050.2984298250844
1050.1840076856695
1050.0617485622513
1049.9441439350392
1049.8635338673325
1049.7870917413666
1049.7304933246457
1049.5675617842787
1049.3144646614026
1048.8636306039489
1048.8636306039489
1048.8673083090794
1048.871475894281
1049.0341562117353
1049.2536817003386
1049.4185769960252
1049.548191987852
1049.7042699378235
1049.872109395851
1050.0441155010071
1050.2509225430297
1050.4168127092562
1050.543008109188
1050.7017939540654
1050.835095849139
1050.9309060871321
1051.0159343980479
1051.195792491869
1051.2778828180665
1051.2212878238354
1051.0980393687357
1051.0473224600232
1050.9226076751088
1050.7018386272696
1050.5045919319496
1050.2561312817693
1050.0944097981678
1049.888341056807
1049.724906441246
1049.610971815533
1049.3850586495685
1049.3326239105736
1049.326499233199
1049.304447481796
1049.2324103245885
1049.125578675263
1048.9680259648185
1048.6742387258203
1048.3846186562662
1048.1435142650255
1047.993803127684
1047.9176004080393
1047.9487161254497
1048.0192807062049
1048.1043000014004
1048.2057390052705
1048.3201668799102
1048.4892356632813
1048.642868840171
1048.7913574590987
1049.023403622447
1049.2677042121586
1049.4436430366932
1049.5720466624166
1049.6396797444218
1049.6786435129934
1049.697758263076
1049.6097891800043
1049.4176695035933
1049.2289890200475
1049.02144239695
1048.8075355869385
1048.6622380141694
1048.525516701919
1048.3995764555564
1048.30352929811
1048.235903778055
1048.20699031985
1048.1430542569701
1048.0908766089665
1048.0227722968455
1047.9943435455662
1047.8713387597602
1047.9404246299075
1047.9769246377844
1048.039887808158
1048.0932969474802
1048.172928783492
1048.2699557452877
1048.402509696839
1048.5490322329506
1048.7323103016802
1048.9153449860082
1049.0981365764471
1049.2507814962
1049.4539086694165
1049.5717663502899
1049.6357163910538
1049.7362037597659
1049.7668534458098
1049.7306004214179
1049.6227870128748
1049.508354036761
1049.3512793394184
1049.1696970818984
1049.0131082945582
1048.8709775998202
1048.7028709535766
1048.5234923796602
1048.4053742093101
1048.3024500695808
1048.2213355533252
1048.1380158229247
1048.0532272835549
1047.9417253235513
1047.8544849517907
1047.8762904773562
1047.9355915813408
1047.9733295450692
1048.0365512635797
1048.1539328148963
1048.279888302141
1048.272887024112
1048.4561456199758
1048.6303528807707
1048.7876639845101
1048.9591959565373
1049.1175001661766
1049.3088925772618
1049.524061246222
1049.6877689855396
1049.763252326149
1049.8409423125881
1049.9316227032355
1049.9071172067156
1049.7885019114294
1049.6811605540054
1049.510100279852
1049.3081604173944
1049.1098966658208
1048.8944783171328
1048.6636211096034
1048.460212204259
1048.326648397127
1048.2136702967366
1048.1847501659804
1048.114169070788
1048.0149144736931
1047.8781668119793
1047.7857741281275
1047.7485234211483
1047.739209373357
1047.7347942549186
1047.7921359483385
1047.915650030791
1048.0511685730191
1048.1376754755606
1048.2531038247844
1048.4298016764612
1048.545247631483
1048.6227175266602
1048.807003734988
1048.976341797917
1049.1348979023787
1049.2897786873116
1049.5105831693181
1049.712763149255
1049.866912422966
1049.932347563235
1049.988460370088
1049.9953277665031
1049.9544050406084
1049.827950828621
1049.6671861759278
1049.4635337829575
1049.252038946983
1049.0969073925587
1048.8895774939144
1048.7131282864887
1048.4379198416436
1048.4379198416436
1048.3332737783273
1048.25141430145
1048.2036165149666
1048.1969896176079
1048.1418387064027
1048.045267442193
1047.911936765305
1047.8673173862078
1047.8548084742824
1047.8543082270223
1047.886651102074
1047.9991371305248
1048.1143238084132
1048.2248541467102
1048.3498467160468
1048.5022901694836
1048.6557144324192
1048.8353649025019
1049.02286170826
1049.2338893222857
1049.4481047102722
1049.655704925224
1049.8770338742409
1050.0814527614307
1050.216996980994
1050.2929808509675
1050.390288610328
1050.3983767625805
1050.32141426209
1050.192244224652
1050.0498384051677
1049.8155156058249
1049.591734789649
1049.4039866298992
1049.3571718007838
1049.423348754474
1049.6959006369514
1049.963531839202
1050.2042152910726
1050.3819113272093
1050.5895097588616
1050.822602307535
1050.9253023596698
1050.960355941493
1051.117227033891
1051.3473860711042
1051.4637728441548
1051.531639010243
1051.645882632366
1051.711837973698
1051.7393063241186
1051.7434383301982
1051.7483603197434
1051.761852992717
1051.7123532981182
1051.536860545993
1051.2836736394934
1050.8934271529681
1050.4181913119342
1049.9814329605733
1049.620162592554
1049.2968805201388
1049.091734064454
1048.9674687705422
1048.8208897837505
1048.6547026459632
1048.5066485422033
1048.370605207176
1048.2835838841424
1048.2372496790435
1048.1607680828452
1048.283560846973
1048.408070962398
1048.5722926350081
1048.7931378683402
1049.0299184557853
1049.3037155852817
1049.583400787404
1049.862600242003
1050.0893106666251
1050.4545478693403
1050.7781222474516
1050.9970363819207
1051.3076359748438
1051.5133213229763
1051.5915295593045
1051.647921916973
1051.644745764984
1051.5189924424715
1051.4067184100454
1051.299101500288
1051.1086263960578
1050.8497610387158
1050.657085098556
1050.5004444938784
1050.3840056379513
1050.307768645367
1050.3146324776496
1050.5220202270445
1050.738971577483
1050.9211146056755
1051.0939453103022
1051.2621209969284
1051.40088325007
1051.4719811825462
1051.4960120706194
1051.4955209054572
1051.4119248702111
1051.3077362935255
1051.181973356992
1051.046896712579
1050.9054472823282
1050.7654671514265
1050.6514751251475
1050.6421604565448
1050.545575418574
1050.392361485036
1050.1729580301596
1049.9778241872755
1049.9464458893221
1049.9775793349843
1050.1082413818503
1050.255329768397
1050.40585183138
1050.5257281775373
1050.6536999783382
1050.7924503828908
1050.9194230064238
1051.0285023478675
1051.135576080047
1051.295115902201
1051.425004168423
1051.5720536207511
1051.7838267818818
1051.963004553732
1052.0463418548031
1052.2350908567669
1052.3896014068453
1052.4386907567919
1052.5201255114494
1052.523838107121
1052.557687459508
1052.595461114651
1052.5626245128246
1052.3694305234876
1052.106131346696
1051.8492160649182
1051.5673153512626
1051.271926154927
1050.9843722116416
1050.6840730986116
1050.467121843895
1050.2494368395953
1050.0435197392208
1049.9182547025002
1049.8000965456488
1049.7258167345856
1049.6601156837728
1049.5542094096154
1049.392408062026
1049.25169024495
1049.080329687444
1048.8275795270456
1048.607434435542
1048.4770121265367
1048.413761637434
1048.3652182339006
1048.3259917469193
1048.402475943464
1048.489009423506
1048.5897662418529
1048.691532086315
1048.7940394919883
1048.9871921589727
1049.2173739202328
1049.4085851307652
1049.6172074840656
1049.8106351927229
1049.9805300199396
1050.1759233465148
1050.3575908915182
1050.5446540977819
1050.7640805138449
1050.8827444638787
1050.9943009259682
1051.1585704606468
1051.266449377306
1051.3453960756021
1051.5118713359966
1051.7558278409474
1051.9975796943286
1052.1277752381748
1052.2199635308684
1052.2378676513551
1052.150586015095
1051.9831298537176
1051.8210651253892
1051.5496506362163
1051.2500390888829
1050.9891700460814
1050.709671528057
1050.48215150795
1050.2700779713905
1050.0678117260143
1049.9611624724932
1049.9246321329215
1049.8706946415568
1049.8317125781834
1049.8128345227935
1049.7441871517412
1049.6485712634824
1049.547071117498
1049.447777244889
1049.3639288360353
1049.3075390379206
1049.2889048871903
1049.2160977492788
1049.1256377892648
1049.043276385022
1049.01337599154
1049.108503106782
1049.2210334085873
1049.384307177557
1049.5458652802672
1049.7157588358666
1049.8638342318916
1050.0349554674506
1050.20705847193
1050.3450843628093
1050.4681559401474
1050.5890234367323
1050.7047211040501
1050.8642994956485
1050.9468998312032
1051.072894129076
1051.221447574428
1051.368333294812
1051.5617990757255
1051.8121435707033
1052.0063457740057
1052.202995444036
1052.4246519350836
1052.6904540748258
1052.8576891721973
1052.9374242943743
1052.9867379525494
1053.056659765346
1053.0858702984563
1053.0925162841518
1053.0378515309026
1052.8958979679162
1052.6590374142963
1052.3807329821664
1052.1021881291963
1051.8091790772548
1051.4977765728459
1051.2077078035402
1050.92229742938
1050.6839719143782
1050.4723734598824
1050.2924045558204
1050.1558344298207
1050.0280908121188
1049.9077029629066
1049.8216415323661
1049.6995375524011
1049.5641933530887
1049.3908469661158
1049.202544939147
1049.0949089915619
1049.1025070420314
1049.231472016845
1049.3646070366713
1049.5764474416644
1049.8231074257474
1050.0244103968732
1050.238219948215
1050.479493629461
1050.650397451393
1050.8634779095378
1051.111867882704
1051.2965079635965
1051.4674179720423
1051.6667699100353
1051.8504316609651
1052.0301702719769
1052.2621453255585
1052.462492493292
1052.6576840995378
1052.878142383976
1053.0677053670233
1053.2030729409046
1053.3514416038583
1053.4252657963505
1053.4831491852522
1053.517973286716
1053.486341997702
1053.3632388930464
1053.1707399130546
1052.9753002787045
1052.7430713292501
1052.434582869564
1052.1574929520891
1051.938025404434
1051.6972261832316
1051.4765346074935
1051.2833076511722
1051.0863746361067
1050.9326174273017
1050.786466387744
1050.6550347626223
1050.5464112218415
1050.465006036738
1050.33137950953
1050.1590181971644
1050.010686176917
1049.8721581970808
1049.6973415356792
1049.6017172657378
1049.5573362447872
1049.6181386482942
1049.7169464945475
1049.860625565786
1049.9525746121212
1050.0572698268086
1050.192612000167
1050.3671868300123
1050.5270529417194
1050.666325259256
1050.832326870558
1051.044918331311
1051.1947403373094
1051.3200471426464
1051.5083695558396
1051.6792916669176
1051.8514482639193
1051.952012104945
1052.0427707487338
1052.170308102672
1052.2505102721939
1052.2865727326018
1052.3503441743
1052.3765922812488
1052.3265740251443
1052.206906248591
1052.0793887425693
1051.9111627011844
1051.7014891945312
1051.4739156714356
1051.274299605059
1051.0788519556381
1050.8245496395807
1050.5984497079808
1050.4162466557898
1050.229875822294
1050.060426369304
1049.9152536787724
1049.7502210031118
1049.590090217246
1049.4314326108934
1049.3316272466316
1049.3134783764333
1049.350995228927
1049.401997801377
1049.3833589827848
1049.3926747780874
1049.4252856980117
1049.4873251342415
1049.580999777416
1049.6908605496474
1049.7985127444615
1049.9498172048163
1050.1173086089323
1050.302948323189
1050.462349868576
1050.6033601316449
1050.7671788709488
1050.9319791775251
1051.1026677268223
1051.2777705327915
1051.4361982583491
1051.5735353431824
1051.6473542936956
1051.7427563849792
1051.8173148658423
1051.9553935866734
1052.0135201548585
1052.04932910672
1052.1172654661518
1052.172936156075
1052.1533175878042
1052.086120777519
1051.9939067269236
1051.859269785021
1051.672147264602
1051.4631945752546
1051.274843997907
1051.0862480932283
1050.8961806168822
1050.703418178663
1050.5131134322216
1050.3510143285225
1050.1555665357525
1049.9797389022276
1049.8296618264915
1049.6629106869752
1049.5121032882757
1049.3718404283272
1049.3490356068378
1049.3186279645456
1049.3041589665208
1049.2960622623111
1049.2727675650913
1049.2261741826403
1049.1898799331993
1049.1435335563947
1049.1317649970879
1049.0944911806464
1049.1521162132044
1049.2254373271487
1049.2985462576394
1049.3444226021256
1049.4182458346208
1049.1536916513564
1049.332340651829
1049.4798829766014
1049.6416640189395
1049.7924330975447
1049.8882911756182
1050.0415416447786
1050.2058366768424
1050.2725357029149
1050.2955851186423
1050.226914772582
1050.1795795628905
1050.1589762156348
1050.1422977864768
1050.1430308494052
1050.1371428282405
1050.1545545904103
1050.0461537415604
1049.9164156851193
1049.8560835281244
1049.8688345646867
1049.814145321137
1049.7457224968146
1049.6721465720916
1049.6593927747347
1049.7089313686415
1049.7319855682306
1049.676066750129
1049.5951334841154
1049.5593252112753
1049.5786955815806
1049.6005196321803
1049.637304620516
1049.698371187031
1049.7439871078716
1049.76188829125
1049.769978969106
1049.7918039383458
1049.7756162406224
1049.730729929947
1049.6797163076124
1049.6441537923413
1049.6225686982489
1049.5943632319345
1049.5845524599424
1049.4984660884554
1049.3047123271547
1049.1028649374025
1048.9436953017314
1048.8578508703329
1048.8392080068597
1048.9149874642835
1049.0057287918714
1049.1084881949996
1049.2112482615378
1049.3407407612235
1049.4641042240407
1049.586488671528
1049.7091169632647
1049.8422940903793
1050.0264877286336
1050.1930237314905
1050.3176193432735
1050.427254113101
1050.5378740408669
1050.6933738982736
1050.7804433567678
1050.8397969041769
1050.8280234775439
1050.6762056877603
1050.5096734381075
1050.3299047620847
1050.1717235621034
1049.986568641936
1049.8153962153553
1049.6390748840242
1049.5054260502334
1049.3690786647594
1049.2270929048611
1049.0637722756394
1048.9455410794626
1048.8324672638116
1048.7561782404343
1048.7080985354166
1048.6247056145799
1048.5381341651373
1048.41917923191
1048.2946245329376
1048.251724747713
1048.2382486418778
1048.2526869182593
1048.3090715477329
1048.4547248132894
1048.6408303194344
1048.8889878896857
1049.1347074448026
1049.4491200166617
1049.7981224239008
1050.1037254680318
1050.3659218351836
1050.6614823645095
1050.9131428941027
1051.1115803096397
1051.2634148414493
1051.4196667047365
1051.5028223251913
1051.5705250383396
1051.5957925027626
1051.560962621536
1051.4012773619606
1051.2342328404973
1051.075527910047
1050.845198233564
1050.5739055882552
1050.3190493973068
1050.0612510684598
1049.8027172929737
1049.554486430235
1049.3212250000784
1049.122051018172
1048.9451974511837
1048.7825688380146
1048.652810631527
1048.4682610554792
1048.4132801087874
1048.3229893260907
1048.2228933088984
1048.1159375726809
1048.1110168290993
1048.155886589856
1048.19291075355
1048.28071425497
1048.4161035945037
1048.569152929628
1048.7371669659472
1048.907878548192
1049.118331064904
1049.3096563498352
1049.566224505409
1049.7953233957417
1049.970949419272
1050.1787150559264
1050.4421655300769
1050.6938428582223
1050.923445423482
1051.1123303609515
1051.2850267380993
1051.456007311439
1051.6429347792741
1051.7638754957554
1051.7597085019756
1051.675568116778
1051.5131716664143
1051.3127512812096
1051.0546841458638
1050.7998089944936
1050.5250698655695
1050.274869084719
1050.014369545346
1049.7695718566163
1049.521344330523
1049.2846503227217
1049.0543776119175
1048.848381140277
1048.7198922701587
1048.6299004967282
1048.5399026748473
1048.4577520863768
1048.4212179572826
1048.4059655919616
1048.3271967107985
1048.2371545109245
1048.2395822546293
1048.2876370009694
1048.322206205373
1048.3850287671694
1048.477766318913
1048.6178364213965
1048.767460534489
1048.9361776632202
1049.1551873970282
1049.3783587057699
1049.5620725597653
1049.792865176804
1049.9505769974328
1050.14508629213
1050.3437755004093
1050.5223559225904
1050.6572750843443
1050.8442027036292
1050.971030435662
1051.0711200995718
1051.1810236884337
1051.3502960811948
1051.483262319405
1051.5836014211486
1051.7558233462687
1052.0443342723038
1052.125786986317
1052.1356032564308
1052.1746144167985
1052.134627753273
1051.968292458098
1051.7376806981565
1051.4970102831326
1051.254378614569
1051.007331759559
1050.7492458651411
1050.5014643901973
1050.2561377095458
1050.0456513783702
1049.8214242903368
1049.5918039607025
1049.3695438275263
1049.215483835234
1049.1347748626033
1049.1283956283887
1049.1011614254749
1049.0599483648175
1048.997880284443
1048.8855236968775
1048.8131523550262
1048.7493669759083
1048.6868093679695
1048.5535975102107
Keyboard Interrupt
