CHIP_ID(id=88)
133846 1032.3
133847 1033.0
133847 1033.5
133847 1034.2
133847 1034.4
133848 1034.4
133848 1034.6
133848 1034.9
133848 1034.9
133849 1035.0
133849 1035.0
133849 1035.0
133849 1035.0
133850 1035.0
133850 1035.0
133850 1035.0
133850 1035.0
133851 1035.1
133851 1035.1
133851 1035.1
133851 1035.1
133852 1035.2
133852 1035.2
133852 1035.2
133852 1035.1
133853 1035.1
133853 1035.1
133853 1035.0
133853 1035.0
133854 1035.0
133854 1035.0
133854 1035.0
133854 1035.0
133855 1035.0
133855 1035.1
133855 1035.1
133856 1035.1
133856 1035.1
133856 1035.1
133856 1035.0
133857 1035.0
133857 1035.0
133857 1035.0
133857 1035.0
133858 1035.0
133858 1035.1
133858 1035.1
133858 1035.1
133859 1035.1
133859 1035.1
133859 1035.0
133900 1035.0
133900 1035.0
133900 1035.0
133900 1035.0
133901 1035.0
133901 1035.1
133901 1035.1
133901 1035.1
133902 1035.1
133902 1035.1
133902 1035.0
133903 1035.0
133903 1035.0
133903 1035.1
133903 1035.1
133904 1035.1
133904 1035.2
133904 1035.1
133905 1035.1
133905 1035.1
133905 1035.1
133905 1035.0
133906 1035.0
133906 1035.0
133906 1035.0
133906 1035.1
133907 1035.1
133907 1035.1
133907 1035.1
133907 1035.1
133908 1035.1
133908 1035.0
133908 1035.0
133908 1035.0
133909 1035.0
133909 1035.0
133909 1035.1
133910 1035.1
133910 1035.1
133910 1035.1
133911 1035.0
133911 1035.0
133911 1035.0
133911 1035.0
133912 1035.0
133912 1035.1
133912 1035.1
133913 1035.1
133913 1035.1
133913 1035.0
133913 1035.0
133914 1035.0
133914 1035.0
133914 1035.0
133915 1035.0
133915 1035.0
133915 1035.0
133915 1035.1
133916 1035.1
133916 1035.1
133916 1035.0
133916 1035.0
133917 1035.0
133917 1034.9
133917 1034.9
133918 1034.9
133918 1035.0
133918 1035.0
133918 1035.0
133919 1035.1
133919 1035.1
133919 1035.0
133920 1035.0
133920 1035.0
133920 1035.0
133920 1035.0
133921 1035.0
133921 1035.0
133921 1035.0
133921 1035.0
133922 1035.1
133922 1035.1
133922 1035.1
133922 1035.2
133923 1035.3
133923 1035.3
133923 1035.3
133923 1035.3
133924 1035.3
133924 1035.3
133924 1035.2
133924 1035.2
133925 1035.2
133925 1035.2
133925 1035.2
133926 1035.2
133926 1035.2
133926 1035.3
133927 1035.3
133927 1035.3
133927 1035.3
133927 1035.2
133928 1035.2
133928 1035.2
133928 1035.2
133929 1035.2
133929 1035.2
133929 1035.2
133929 1035.2
133930 1035.2
133930 1035.3
133930 1035.3
133930 1035.2
133931 1035.2
133931 1035.2
133931 1035.2
133932 1035.2
133932 1035.2
133932 1035.2
133932 1035.2
133933 1035.3
133933 1035.3
133933 1035.3
133934 1035.3
133934 1035.3
133934 1035.2
133934 1035.2
133935 1035.2
133935 1035.2
133935 1035.1
133935 1035.2
133936 1035.2
133936 1035.3
133936 1035.3
133937 1035.3
133937 1035.3
133937 1035.3
133937 1035.2
133938 1035.2
133938 1035.2
133938 1035.2
133939 1035.2
133939 1035.2
133939 1035.3
133940 1035.3
133940 1035.3
133940 1035.3
133940 1035.3
133941 1035.3
133941 1035.2
133941 1035.2
133942 1035.2
133942 1035.2
133942 1035.2
133943 1035.3
133943 1035.3
133943 1035.3
133943 1035.3
133944 1035.3
133944 1035.2
133944 1035.2
133945 1035.2
133945 1035.2
133945 1035.2
133946 1035.3
133946 1035.3
133946 1035.3
133946 1035.3
133947 1035.3
133947 1035.3
133947 1035.3
133948 1035.2
133948 1035.2
133948 1035.2
133949 1035.2
133949 1035.3
133949 1035.3
133949 1035.3
133950 1035.3
133950 1035.4
133950 1035.3
133951 1035.3
133951 1035.3
133951 1035.2
133951 1035.2
133952 1035.3
133952 1035.3
133952 1035.3
133953 1035.4
133953 1035.4
133953 1035.4
133953 1035.4
133954 1035.3
133954 1035.3
133954 1035.3
133955 1035.3
133955 1035.3
133955 1035.3
133956 1035.3
133956 1035.4
133956 1035.4
133956 1035.4
133957 1035.4
133957 1035.4
133957 1035.3
133957 1035.3
133958 1035.3
133958 1035.3
133958 1035.3
133959 1035.4
133959 1035.4
133959 1035.4
134000 1035.4
134000 1035.4
134000 1035.4
134000 1035.3
134001 1035.3
134001 1035.3
134001 1035.3
134002 1035.3
134002 1035.4
134002 1035.4
134003 1035.4
134003 1035.4
134003 1035.3
134003 1035.3
134004 1035.3
134004 1035.3
134004 1035.3
134005 1035.4
134005 1035.4
134005 1035.4
134006 1035.4
134006 1035.4
134006 1035.4
134007 1035.4
134007 1035.3
134007 1035.3
134007 1035.4
134008 1035.4
134008 1035.4
134008 1035.4
134009 1035.4
134009 1035.4
134009 1035.4
134009 1035.3
134010 1035.3
134010 1035.3
134010 1035.3
134011 1035.4
134011 1035.4
134011 1035.4
134012 1035.5
134012 1035.5
134012 1035.5
134012 1035.4
134013 1035.4
134013 1035.4
134013 1035.3
134013 1035.3
134014 1035.3
134014 1035.4
134014 1035.4
134015 1035.5
134015 1035.5
134015 1035.4
134015 1035.4
134016 1035.4
134016 1035.3
134016 1035.3
134017 1035.3
134017 1035.3
134017 1035.4
134018 1035.4
134018 1035.4
134018 1035.4
134019 1035.4
134019 1035.3
134019 1035.3
134020 1035.3
134020 1035.3
134020 1035.3
134020 1035.4
134021 1035.4
134021 1035.4
134021 1035.4
134021 1035.4
134022 1035.4
134022 1035.3
134022 1035.3
134023 1035.2
134023 1035.2
134023 1035.2
134023 1035.3
134024 1035.3
134024 1035.4
134024 1035.4
134025 1035.4
134025 1035.4
134025 1035.3
134025 1035.3
134026 1035.2
134026 1035.2
134026 1035.2
134026 1035.3
134027 1035.3
134027 1035.3
134027 1035.3
134028 1035.3
134028 1035.3
134028 1035.3
134028 1035.2
134029 1035.2
134029 1035.2
134029 1035.2
134030 1035.2
134030 1035.3
134030 1035.3
134030 1035.3
134031 1035.3
134031 1035.3
134031 1035.3
134032 1035.3
134032 1035.3
134032 1035.2
134032 1035.2
134033 1035.2
134033 1035.3
134033 1035.3
134034 1035.3
134034 1035.3
134034 1035.3
134035 1035.3
134035 1035.3
134035 1035.2
134035 1035.2
134036 1035.2
134036 1035.3
134036 1035.3
134036 1035.3
134037 1035.4
134037 1035.4
134037 1035.4
134038 1035.4
134038 1035.3
134038 1035.3
134039 1035.3
134039 1035.3
134039 1035.3
134039 1035.3
134040 1035.4
134040 1035.4
134040 1035.4
134041 1035.4
134041 1035.4
134041 1035.3
134042 1035.3
134042 1035.3
134042 1035.4
134042 1035.4
134043 1035.4
134043 1035.4
134043 1035.4
134044 1035.4
134044 1035.3
134044 1035.3
134045 1035.3
134045 1035.3
134045 1035.3
134045 1035.3
134046 1035.3
134046 1035.4
134046 1035.4
134047 1035.4
134047 1035.4
134047 1035.3
134048 1035.3
134048 1035.3
134048 1035.3
134048 1035.3
134049 1035.3
134049 1035.3
134049 1035.4
134050 1035.4
134050 1035.3
134050 1035.3
134051 1035.3
134051 1035.3
134051 1035.2
134051 1035.3
134052 1035.3
134052 1035.3
134052 1035.3
134053 1035.3
134053 1035.3
134053 1035.3
134054 1035.2
134054 1035.2
134054 1035.2
134055 1035.2
134055 1035.3
134055 1035.3
134056 1035.3
134056 1035.3
134056 1035.3
134056 1035.3
134057 1035.3
134057 1035.2
134057 1035.2
134058 1035.2
134058 1035.3
134058 1035.3
134058 1035.3
134059 1035.3
134059 1035.4
134059 1035.4
134100 1035.3
134100 1035.3
134100 1035.3
134100 1035.2
134101 1035.3
134101 1035.3
134101 1035.3
134102 1035.4
134102 1035.4
134102 1035.4
134103 1035.3
134103 1035.3
134103 1035.3
134103 1035.2
134104 1035.2
134104 1035.3
134104 1035.3
134105 1035.3
134105 1035.3
134105 1035.3
134106 1035.3
134106 1035.3
134106 1035.3
134106 1035.3
134107 1035.2
134107 1035.2
134107 1035.3
134108 1035.3
134108 1035.3
134108 1035.4
134108 1035.4
134109 1035.4
134109 1035.4
134109 1035.3
134110 1035.3
134110 1035.3
134110 1035.3
134110 1035.3
134111 1035.3
134111 1035.4
134111 1035.4
134112 1035.4
134112 1035.4
134112 1035.4
134113 1035.3
134113 1035.3
134113 1035.3
134113 1035.3
134114 1035.4
134114 1035.4
134114 1035.4
134115 1035.4
134115 1035.4
134115 1035.4
134116 1035.3
134116 1035.3
134116 1035.3
134116 1035.3
134117 1035.3
134117 1035.4
