CHIP_ID(id=88)
1049.9877475476803
1049.9007345933176
1049.837228134682
1049.7851607261277
1049.758110828293
1049.7538274552949
1049.7920551965187
1049.8503101827387
1049.9305373304278
1050.0522971084654
1050.2082351419886
1050.3920297190305
1050.601221058106
1050.894184017349
1051.1905743570426
1051.5008847479353
1051.8739844956053
1052.4364301420492
1052.8005062318382
1053.1621571889102
1053.636201764812
1053.9147889259232
1054.1383846282476
1054.3153098013167
1054.2767324991942
1054.1592511624433
1053.9677305254538
1053.7678866891306
1053.476902611483
1053.1502683171266
1052.8641553707923
1052.5968584870814
1052.3361746286325
1052.1113457247086
1051.9588735904797
1051.800286402774
1051.6131205666998
1051.3919854033402
1051.1478411207345
1050.8917597559516
1050.6598843801924
1050.4834608126712
1050.4978412897246
1050.6023886733078
1050.7824390082085
1051.1457314306163
1051.5955225832806
1052.0871542509913
1052.658690866846
1053.2917837846326
1053.7189363565137
1054.0791309921292
1054.4258778740848
1054.6240541944057
1054.695356019619
1054.7188069641934
1054.7886653210915
1054.7801537309829
1054.5991597851155
1054.5679180306292
1054.5115537956042
1054.3877610236555
1054.1222309933512
1053.9676102161363
1053.7355271409835
1053.487063054116
1053.2048857440711
1053.0053001746726
1052.80081342776
1052.6100099077041
1052.359575454378
1052.1387112837176
1051.8973243017115
1051.660344828314
1051.4182351969625
1051.2007955535703
1051.0605522675794
1051.145833731388
1051.1702703207711
1051.3244570375475
1051.5778435908194
1051.8023598129403
1051.9983238739112
1052.1940276694497
1052.353321659893
1052.5360999722093
1052.7899926066004
1052.9835309342693
1053.1951627007636
1053.4067622199875
1053.6384304457235
1053.7432621009334
1053.8053690011782
1054.053653816151
1054.2699362735243
1054.3872392270557
1054.4698382240645
1054.5585576844946
1054.6137889075844
1054.6181986025877
1054.6558303491358
1054.7332989029412
1054.8726146881506
1054.9310408870692
1054.9251875921952
1054.9928885609922
1054.991445444497
1054.735849813653
1054.5614124237536
1054.2757894223253
1053.9329604929933
1053.587701458561
1053.2702722693016
1052.952353713467
1052.6437478110918
1052.3424794276852
1052.089859613877
1051.8892771294902
1051.72533826536
1051.5677202087888
1051.4846357491251
1051.4104289442141
1051.3052343029324
1051.2050508895
1051.1170186847874
1051.0270720012202
1050.9473879429106
1050.9081047503187
1050.855086321169
1050.7874530653673
1050.746588054858
1050.7927130240876
1050.9251280021208
1051.0858925672962
1051.303357398976
1051.4656025028726
1051.6027736378537
1051.7469925383907
1051.895852374872
1052.0615571925625
1052.190853067737
1052.2434132325382
1052.3159745688279
1052.3001232595793
1052.2494960201902
1052.335630705016
1052.3905194635677
1052.2917357436081
1052.1928253355752
1052.1936721117343
1052.1832698096657
1052.0262006904363
1051.9661628439699
1051.9452035146198
1051.8680300685692
1051.7671413991534
1051.7945378296674
1052.1510737628473
1051.8554194042044
1051.8542017806467
1051.9749220927915
1051.9722552175422
1051.7599217359884
1051.6607133838029
1051.590583545478
1051.5063051955274
1051.5356437040764
1051.5395573763499
1051.5967566793754
1051.717477204321
1051.8904996639944
1052.12829255998
1052.7030389983072
1052.9024527829704
1053.2575332099702
1053.6778872142124
1053.8711898873653
1053.9423144236857
1053.9980433321753
1054.0486404626906
1054.116573100947
1054.1041044229337
1053.9315927016653
1053.73832428849
1053.6926304679591
1053.4362978186575
1053.1621031388372
1052.9583093079593
1052.8087623477568
1052.5414157003815
1052.3679222342673
1052.2723914789153
1052.1358068204459
1052.0302442992631
1051.8191200877807
1051.651978532319
1051.4530627685735
1051.2343743712959
1051.0028840266496
1050.785702097783
1050.5648394543728
1050.3740150844212
1050.2938801515522
1050.367196722487
1050.4949915403893
1050.7080782817895
1051.0462946952568
1051.3598168393107
1051.622025511788
1051.8754518319456
1052.216615460529
1052.4776160928616
1052.5343290402902
1052.667496631347
1052.7480321637956
1052.6032907668316
1052.4251266020158
1052.3293337513446
1052.126267974896
1051.9153754095519
1051.7553082170634
1051.6030698054692
1051.4330016189185
1051.281230464104
1051.162945553069
1051.0928148565356
1050.9735723069264
1050.8643595962449
1050.7052095292854
1050.547798294094
1050.4104469452102
1050.2784863309416
1050.1467612916265
1050.0387486276372
1049.926097498757
1049.8213599405174
1049.8094307266163
1049.9597573575345
1050.1496623571218
1050.4030933183321
1050.67778135576
1051.1032609357148
1051.4165793702089
1051.7172052632682
1052.0882057651436
1052.4435874026192
1052.6890003239223
1052.8432572019383
1053.2083968410457
1053.5141600606983
1053.6307558168007
1053.6437186521334
1053.770350813859
1053.9020812817582
1053.992753248426
1054.0524021525991
1054.207362654911
1054.2586870400087
1054.3009633578708
1054.452998000743
1054.4815879174198
1054.4552029786303
1054.3398550590846
1053.966174948227
1053.781937624957
1053.4989676785835
1053.0649561242487
1052.653911667145
1052.3486747056384
1052.099894147657
1051.9002613964285
1051.7492258148573
1051.6925399362024
1051.664675916556
1051.5940716832604
1051.5425177557402
1051.479481433379
1051.3878555726617
1051.2940263193807
1051.207532254201
1051.1308097859917
1051.0435641935726
1050.9590142237548
1050.9499684334787
1051.0125380889347
1051.1743288530947
1051.4192205772842
1051.7027095995386
1052.0429169214563
1052.5014051027802
1053.0293200567585
1053.4917395444522
1053.964925979333
1054.5136668805935
1054.7825484432394
1055.0956515761732
1055.3413083686878
1055.5153333018948
1055.5891734129377
1055.7145706119352
1055.8220952933684
1055.921601947232
1056.0086372820956
1056.03677721908
1056.1328635396812
1056.1731643269698
1056.1620912002536
1056.1256219728014
1055.8337202034309
1055.6145089809868
1055.2787784865081
1054.8558449136528
1054.4138774308378
1054.0838833195414
1053.800491972638
1053.609216206096
1053.4973587658237
1053.4292238391665
1053.3620420306806
1053.3173639531776
1053.278278410661
1053.1851703467555
1053.0815669774624
1052.936641348362
1052.7704624284954
1052.5777751343082
1052.395126211824
1052.2428113659955
1052.1247426094044
1052.0000931918048
1051.969386599584
1051.980115092539
1052.0705219228785
1052.2669392200046
1052.4987383492733
1052.7462046084536
1053.0889634842688
1053.4048194554462
1053.7275275002112
1054.1555656977005
1054.6197744075425
1054.9451722532413
1055.26932117602
1055.6805136838148
1055.8457683226588
1056.101218349686
1056.3581560947955
1056.4968020710403
1056.589473869157
1056.7168649296743
1056.8506065693336
1056.8041794475314
1056.7724322666481
1056.6142830918614
1056.3434235844043
1056.115840383232
1055.7345253658082
1055.3336300362141
1054.9239571468847
1054.6851669702794
1054.4769113097623
1054.2437500835565
1054.0550413339688
1053.9274371744998
1053.7866394174728
1053.6500218581732
1053.4953071032228
1053.353819977348
1053.2132871609047
1053.0617643733628
1052.8796749556536
1052.692946555725
1052.5465275598076
1052.440940784418
1052.4116225679545
1052.461008753722
1052.5976549899335
1052.8535785639301
1053.0862749790276
1053.2992358762804
1053.6320196564038
1054.0486208711916
1054.4148918978497
1054.6520825398065
1054.937646464984
1055.1794485133598
1055.4491276269555
1055.677248459187
1055.971841667279
1056.1984850789852
1056.3208983732702
1056.4214931542365
1056.3931337476972
1056.179690328686
1055.8747770218533
1055.5478003172277
1055.1312700775507
1054.7105627957653
1054.2810067514718
1053.9035518911653
1053.607212968341
1053.3290116078697
1053.099478244592
1052.8924210137013
1052.7086561422755
1052.526833332241
1052.3579731119426
1052.1937523707234
1051.9984743274256
1051.824713450108
1051.6820088700872
1051.551280086491
1051.5134328782158
1051.5555064795944
1051.6040589942684
1051.7863478092167
1052.0190054115642
1052.2880857976215
1052.6062913743967
1052.9530912116713
1053.3764256197303
1053.9744832101655
1054.4139871028801
1054.9059338678046
1055.3831834447644
1055.8121233103652
1056.1198110416758
1056.3986445298622
1056.6104772014423
1056.6853664773525
1056.9367486561068
1056.9553479538679
1056.8397427195569
1056.7495816247686
1056.583400515214
1056.325259691076
1056.1531804422038
1056.2184788420918
1056.0854911719925
1055.9815961718919
1055.9679057231194
1055.9148552948507
1055.740797659823
1055.5371544786942
1055.390251487691
1055.1262217800593
1054.8294525878073
1054.6184762116868
1054.3231934615965
1054.0205735875293
1053.7587606611567
1053.4932972113584
1053.176731577948
1052.8349955373458
1052.5355480863168
1052.3060266788293
1052.104376797876
1052.045241260844
1052.098545641716
1052.1909455902503
1052.3437279863697
1052.5762096794385
1052.7514711937833
1052.927951314606
1053.2298405565261
1053.5134353212882
1053.8427436339914
1054.0899178759196
1054.2285632021305
1054.4072924690192
1054.5865178056783
1054.724903020818
1054.7862808485077
1054.9322357036517
1054.9410580389579
1054.9955916124884
1055.0757952804722
1055.1134444114944
1055.088040623379
1054.987566795221
1054.7687838221286
1054.5343349305463
1054.217746353929
1053.94394279019
1053.6459539115892
1053.401739772485
1053.250626610327
1053.0977423484949
1052.8945438643304
1052.7102016325189
1052.5466563881012
1052.3696840641776
1052.178270259422
1051.9993559919087
1051.7918193245807
1051.580628751665
1051.3845802537487
1051.25233526533
1051.2472020618898
1051.2328982156528
1051.3134758752856
1051.4551808578924
1051.5870071373317
1051.7711273500242
1051.9520621768265
1052.1923963111365
1052.3826194130029
1052.6356653193986
1052.8603506482111
1053.0518329968932
1053.2112059881308
1053.370348572999
1053.5077396571453
1053.6121245188756
1053.7843019705062
1053.9640857261998
1054.085655448193
1054.1407156105681
1054.1248542206113
1053.9972632088247
1053.7738388106382
1053.549921458711
1053.317448497736
1053.0776380564396
1052.866920355549
1052.7244219153188
1052.7620991073509
1052.7762824095032
1052.7481770649442
1052.5968604068546
1052.4570300567607
1052.291298930875
1052.1605458452145
1052.004096706965
1051.8926329356364
1051.7840990979544
1051.7024525500588
1051.6066238059575
1051.515929034798
1051.420827237718
1051.3910102837765
1051.4406354769285
1051.530603784463
1051.6604234011616
1051.862349496575
1052.0806638517156
1052.3231984323968
1052.5835746696007
1052.8307568997573
1053.1681499592728
1053.4260697610393
1053.5847324638435
1053.8301821889702
1054.0328488546886
1054.2609577369828
1054.3619304206427
1054.5150045093235
1054.674166782438
1054.7829752005962
1054.7927496474088
1054.6912810570998
1054.4524406599237
1054.2128773428963
1053.8953139174016
1053.5528059859873
1053.2557832035718
1053.0027639007055
1052.8155019110395
1052.6610170431545
1052.4937991602767
1052.3554419514903
1052.2351837468987
1052.112694399145
1052.0105083653405
1051.8633360319527
1051.7318251173554
1051.6130195747191
1051.469763823795
1051.3181864193002
1051.1664449381317
1051.1338136405354
1051.180880984261
1051.2647524160923
1051.4393176835479
1051.686741180317
1051.94785884537
1052.2173047312174
1052.496530999938
1052.8197640000174
1053.1190449440521
1053.3232199552576
1053.5471783306552
1053.8149112530364
1053.9596564118046
1054.1632124195958
1054.3205577560393
1054.418037170082
1054.5825599304133
1054.64439926702
1054.6984047112364
1054.7272332420664
1054.695319128898
1054.4335449694122
1054.1766396390785
1053.9698581242938
1053.66164243873
1053.2888235051103
1053.0248699041454
1052.8029725815295
1052.6142851584984
1052.4385341995737
1052.279170941845
1052.1112500483441
1051.924503301961
1051.787126633422
1051.649257257028
1051.5287354522056
1051.401134301893
1051.2859812641386
1051.1889267830027
1051.0940761004877
1051.0586301785463
1051.1097127907203
1051.200671713733
1051.3556781698521
1051.5786481394057
1051.8581214238943
1052.1292756226862
1052.4060608891948
1052.7610845458867
1053.1657474623214
1053.5043934378098
1053.7635894864966
1054.0990850269438
1054.3800459658698
1054.5903412766033
1054.797444753819
1054.9424734889465
1055.0850324534604
1055.17160259776
1055.26574265743
1055.2787128740742
1055.3159120518083
1055.3846441503467
1055.3518942253488
1055.3154924023393
1055.1964363183695
1055.0734625521197
1054.8763937727176
1054.6250474438225
1054.3428930837817
1054.0790742764914
1053.8348089838257
1053.5917635858723
1053.4157333861885
1053.2198897238623
1053.0064382672138
1052.7917696983586
1052.553866491395
1052.3582602255897
1052.1739100010946
1052.0098652296563
1051.8355517714087
1051.6590346780058
1051.533604208329
1051.405970571703
1051.3120978761874
1051.3111132471354
1051.3372775221314
1051.4183958553247
1051.5997620442206
1051.8376300034984
1052.1239121885949
1052.4128927303432
1052.7231667544822
1053.020852836301
1053.3109931114543
1053.636610390378
1053.851241648185
1054.1854490757785
1054.377864679561
1054.6278559500406
1054.795432607327
1054.981840745197
1055.2474461338618
1055.338200964389
1055.4360694576026
1055.5285379661423
1055.4982600728372
1055.2405562316233
1055.0112284954157
1054.7900882034119
1054.4117494111724
1054.0087345264487
1053.7414355154442
1053.4928616657671
1053.3042800295195
1053.1288611969824
1052.929156217378
1052.7607512954519
1052.6170326441247
1052.4339457308567
1052.2872674700425
1052.1469424266686
1051.986077916597
1051.8513795969955
1051.714710823053
1051.5914766792826
1051.4724164730876
1051.3636025713806
1051.332067335545
1051.3623833127206
1051.5068824929838
1051.6785333146584
1051.8903034586592
1052.1700487200383
1052.4160579482025
1052.6667127251653
1052.9574365894614
1053.2486850115108
1053.3470291058375
1053.4537370746734
1053.618846406461
1053.683922572159
1053.8580566821481
1054.0894050448653
1054.399037315048
1054.4942069743354
1054.6778634026925
1054.9799015405672
1055.0351742297078
1055.100983129793
1055.2323370342942
1055.3081529269678
1055.2844523276644
1055.1499751375916
1054.8883270365886
1054.6831707265408
1054.3716184804016
1054.0287635515526
1053.6903235228126
1053.4010347516198
1053.2058948352317
1053.0471958718952
1052.9009728170724
1052.7904638129608
1052.6995094555907
1052.558422226495
1052.4202659932823
1052.2935994558609
1052.1735466850762
1052.07281537641
1051.9728105008285
1051.8999588326574
1051.8261219232177
1051.7466574190655
1051.6769706498994
1051.5791701610974
1051.5657345658703
1051.6239319632075
1051.738074982598
1051.9320491078397
1052.1394986458813
1052.3667803665196
1052.6149106880837
1052.8432539282428
1053.0036249430286
1053.2089911969945
1053.415082323015
1053.5889141038008
1053.7991118204304
1053.9028961598099
1054.1230486111665
1054.3028479464922
1054.4241865580984
1054.5890454851701
1054.7425783378621
1054.8980872389545
1054.9726474782574
1055.08128617621
1055.217544817161
1055.2907324365544
1055.4206413210168
1055.4840546000719
1055.556256833313
1055.6473661314508
1055.7139404490247
1055.7915480256127
1055.8285262076768
1055.8775267235146
1055.8775267235146
1055.95247160237
1055.874367797338
1055.7638147862667
1055.589995989891
1055.335715430867
1055.0205284776275
1054.6747574286517
1054.336790370696
1054.0047184407445
1053.7095533068507
1053.4390814946119
1053.1872388557917
1052.9840526488595
1052.831002126814
1052.6945763067638
1052.5390603051778
1052.4216712108903
1052.334628242982
1052.2840003509832
1052.2844930882397
1052.2204299724572
1052.1377708777936
1052.082759516712
1051.9781060486291
1051.9047574076735
1051.823060076849
1051.7612016002997
1051.7078784474031
1051.667264903177
1051.6392907791344
1051.6213294479721
1051.6941351161233
1051.747642386293
1051.865959005125
1052.050797063187
1052.271347283162
1052.481394885602
1052.699125861044
1052.9358976677515
1053.1198412062583
1053.318207843794
1053.544923880594
1053.658429200319
1053.8237852972406
1054.004057105821
1054.117702112016
1054.189536366943
1054.301597861497
1054.393118225112
1054.4574795738706
1054.5739234811952
1054.644870361174
1054.794073204333
1054.9307995903557
1054.9719214877866
1055.0991013949385
1055.24248490297
1055.372210963216
1055.3167748784056
1055.1845256595043
1055.0283067744963
1054.7595526429934
1054.4856630567679
1054.2188530100202
1053.9593858684004
1053.6778957058134
1053.4306469321316
1053.2457840901602
1053.099774920881
1052.9752960326323
1052.9007238865954
1052.789940860698
1052.7138897023285
1052.6478769276998
1052.583083036233
1052.4977458375288
1052.3727750994267
1052.2385187623652
1052.1333407113134
1052.023052072386
1051.9447971794102
1051.8755943925405
1051.8191018546631
1051.8154435683384
1051.8528472586645
1051.914709874786
1052.039185943445
1052.2079381674168
1052.4212017942746
1052.638150891236
1052.8484880067365
1053.1145967915172
1053.3261862983095
1053.53751784151
1053.8129223501312
1054.0298892036226
1054.2407353304056
1054.4073003475814
1054.5753480971541
1054.7568305803763
1054.870323701576
1054.9507930645932
1055.0916810897713
1055.1325424755853
1055.1871011233018
1055.2685600915363
1055.3057330122163
1055.2949659097217
1055.2369826259032
1055.049406638967
1054.8143854980692
1054.5081806405701
1054.1750779765234
1053.8808617190077
1053.5643904372525
1053.282394736296
1053.0551865206355
1052.876875577405
1052.6929637822177
1052.52095971699
1052.3775955897067
1052.2281375517837
1052.068175662611
1051.9082154337516
1051.7367659252504
1051.5834217410663
1051.4219894436183
1051.295545737928
1051.2009007811946
1051.1456290136862
1051.1815781277662
1051.281123269553
1051.4100062720647
1051.60101041854
1051.858053703062
1052.099927002042
1052.3596737295288
1052.6125764293245
1052.8681537880893
1053.1721628288321
1053.4957624680505
1053.7567170943078
1053.9984236624402
1054.3138606799214
1054.515491565612
1054.7347650379966
1054.8904004749506
1055.0066610190256
1055.1737932066544
1055.2318813871339
1055.3963546026414
1055.4886546414987
1055.5621220938513
1055.580629742435
1055.6120888009752
1055.6268843361252
1055.6289346470087
1055.7197556147526
1055.6635536838753
1055.429507353232
1055.286438823262
1055.038924650405
1054.6972399420938
1054.366061645329
1054.1033732893302
1053.8105931840553
1053.4918729390165
1053.2648858318807
1053.0247242843786
1052.8478845729423
1052.7033423387181
1052.568346580188
1052.495971484314
1052.4020656148173
1052.262167546631
1052.19308535386
1052.1274000048702
1052.049446195344
1051.9460450145802
1051.8259915484568
1051.7279588616868
1051.6443488565371
1051.5734498824465
1051.5135502083117
1051.603326204695
1051.6659449318875
1051.777956338236
1051.9687232836657
1052.1533936338185
1052.3595716426344
1052.6017305334508
1052.8079378027417
1053.0354194149409
1053.2342898242548
1053.3932890471299
1053.5965743233176
1053.825283814898
1053.9769455926312
1054.2107955999238
1054.3957175148294
1054.5740546282366
1054.7181480908116
1054.8341219492575
1054.976241787728
1055.0408487164889
1055.0995610764041
1055.1868887407204
1055.2923282015668
1055.3454100955475
1055.3823223077038
1055.4542044879074
1055.4962887182453
1055.5492994198905
1055.5989206613422
1055.6712960022712
1055.6974750467705
1055.7378470763242
1055.769657646627
1055.759878175797
1055.619009944145
1055.4163926683434
1055.1768338535535
1054.840177723617
1054.4692868162408
1054.1754536200083
1053.8998570900276
1053.7049625744119
1053.505162997843
1053.3102390046056
1053.1730350744458
1053.0370504621346
1052.8826195341221
1052.7473115142943
1052.5897491188928
1052.488453316329
1052.3818889108416
1052.275790740754
1052.179471181899
1052.0929542803249
1052.029209001827
1051.9686282092623
1051.895568563318
1051.8339772784466
1051.7767942158277
1051.7303533855281
1051.6420867215736
1051.653645246361
1051.744689029631
1051.8616516833144
1052.0346254776246
1052.2420808066527
1052.4845108247189
1052.720070543252
1052.955165979714
1053.1873066018181
1053.4135868295584
1053.633513835891
1053.8707987304315
1054.0921815177862
1054.271745004481
1054.4559534493708
1054.6345324971774
1054.7160014577632
1054.9200377729321
1054.992452079293
1054.9574798790306
1054.7803470414958
1054.6010738718985
1054.3055909162824
1053.955807933071
1053.6571359788131
1053.3704250657402
1053.1020871895216
1052.8829146628416
1052.6449088637498
1052.4431208445287
1052.2406063532385
1052.0402738275939
1051.8788538912395
1051.7399280835684
1051.6173756092153
1051.500452735119
1051.372293549566
1051.2962285410667
1051.2942804465501
1051.3512754610565
1051.4674704050024
1051.6453064920047
1051.8510103033946
1052.0863157673766
1052.3035385708108
1052.5841182758309
1052.8485642329945
1053.102660176968
1053.3622340469149
1053.6002776697185
1053.8314753752911
1054.0467714586362
1054.2627955626288
1054.4303806109274
1054.481796232459
1054.5371495499917
1054.4748523489286
1054.2467234403512
1053.9960296658303
1053.7247880452487
1053.4175603421118
1053.0663091216027
1052.789907614374
1052.5489726115718
1052.2865312011666
1052.0664037666156
1051.8511561823227
1051.63909903935
1051.4221416663831
1051.211481943443
1051.0209011495604
1050.857481797809
1050.7114414559662
1050.6104091469715
1050.6231223451732
1050.6769257711258
1050.7759909206593
1050.9501534317767
1051.156416676812
1051.370478048021
1051.6354176874647
1051.9189401306623
1052.1532817496884
1052.405733915626
1052.677333814905
1052.890722876205
1053.073762284806
1053.227668502106
1053.227202240561
1053.1205683364165
1053.0026739843684
1052.7976826426911
1052.5276232360725
1052.2950028779053
1052.1046991664684
1051.8767250969856
1051.6807937077037
1051.480946468285
1051.2757075294573
1051.128451554315
1050.9719065660088
1050.8131580102292
1050.70382853804
1050.6133338170962
1050.5805639092107
1050.6209292506603
1050.7016603360635
1050.8322847132913
1051.0106172918943
1051.230775170146
1051.4673303444113
1051.727368814286
1052.0238623301757
1052.3457876683503
1052.5869998269352
1052.888875797599
1053.2042213826269
1053.4625673978246
1053.6788306009657
1053.9983380849137
1054.2021247818934
1054.3601382721229
1054.5382391719368
1054.665721966973
1054.711729144116
1054.7369232797287
1054.5991758999971
1054.4216653290587
1054.2098718901989
1053.941796999832
1053.670528966607
1053.3326438197387
1053.068523082289
1052.8229765304195
1052.5583332570532
1052.333801022876
1052.1322564651373
1051.9216574400778
1051.7157032428463
1051.5400794160207
1051.4089768191152
1051.2734653439347
1051.1455318045134
1051.0290930865672
1050.9530220913377
1050.857131886854
1050.8106623559815
1050.842905020048
1050.8930169869056
1051.003550537642
1051.1752532443297
1051.3797257102674
1051.6465899821262
1051.8980446572752
1052.171783970759
1052.4545811783332
1052.7449585418651
1053.0077073570071
1053.280474433297
1053.5508059217668
1053.8177157971013
1054.0807104437981
1054.246700405036
1054.4428164037056
1054.6959666654736
1054.8355995918816
1054.8908597372997
1055.0556195839665
1055.1425629692314
1055.2069813765056
1055.2253923191417
1055.2149202984954
1055.0349052848467
1054.8015697045653
1054.5601639247639
1054.207935249204
1053.8471428378673
1053.5039405059479
1053.167822574065
1052.8928631812553
1052.6563307926535
1052.4591849446126
1052.3464193547825
1052.199146711916
1052.0582322116118
1051.909484002398
1051.7480220668979
1051.5755585855059
1051.4468907120456
1051.3157823001486
1051.2042388169632
1051.084133366716
1050.9936308696178
1050.9072818168593
1050.8231370515546
1050.805284203788
1050.8476025259595
1050.888226483388
1051.029391820803
1051.1999064613226
1051.4029589914487
1051.61849280025
1051.8528661450405
1052.126137108463
1052.4118914168084
1052.717707083201
1052.963094159326
1053.2111821554456
1053.4426402505335
1053.6097482972875
1053.7511684637905
1053.7766249443698
1053.723301171931
1053.6120088139753
1053.4197302752207
1053.14548077
1052.8885928663346
1052.6319655245195
1052.387819892772
1052.142667999307
1051.9075587709153
1051.6849314707206
1051.4601012589746
1051.2651136857767
1051.0965622089245
1050.9541902357837
1050.8414222148458
1050.7452870608838
1050.6682263394903
1050.5796703084654
1050.5067805427104
1050.437315493421
1050.4610521919258
1050.5501001407088
1050.6582398358669
1050.8246048233746
1051.0369173643824
1051.2666088504222
1051.5129526385053
1051.777878582635
1052.0687498084271
1052.36647293092
1052.6226039374926
1052.867141574692
1053.1562246371739
1053.4020505033782
1053.7086798978685
1053.9423738164621
1054.2027487120897
1054.4403713490035
1054.6640351408626
1054.8561175767845
1055.056040755211
1055.140720566141
1055.2880471734702
1055.4720674878904
1055.5469679258706
1055.6054656792107
1055.6627452766797
1055.6802983765451
1055.5752922361173
1055.2904513435565
1055.0450074626904
1054.7339921729683
1054.3159905956331
1053.9874488345295
1053.6557694131388
1053.3282120554336
1053.1002215031403
1052.9221312394955
1052.7795134855087
1052.6831368158694
1052.589927096649
1052.5532577265376
1052.4969984479249
1052.461129595004
1052.4521200827915
1052.4399199561624
1052.4729523725673
1052.5023480159832
1052.4539246552417
1052.3741810325553
1052.263374671052
1052.1669966505904
1052.0980205301212
1052.0349099350353
1052.0295365221555
1052.0148719843078
1052.0060732245138
1052.0603854903025
1052.0966080718647
1052.21234090411
1052.3955961320999
1052.5977153015513
1052.8857069942012
1053.12696607326
1053.3611433102699
1053.6094923648552
1053.8588301513234
1054.0658442062186
1054.2934140128748
1054.5109412353443
1054.754656337742
1055.0120765184633
1055.138596746139
1055.294236704728
1055.4709266961966
1055.5629619546621
1055.7022011320196
1055.7893294004857
1055.9571953561674
1055.9855909198154
1056.0015365968172
1056.0587875517294
1056.0582931229237
1056.0641911456507
1055.996662443806
1055.7522077420085
1055.5669821945946
1055.248612566693
1054.8685840072114
1054.4885615293038
1054.1190829617879
1053.7229302248636
1053.3627515636663
1053.0689070792478
1052.7792168533167
1052.5475039342493
1052.3647120920346
1052.2034162881014
1052.0563391716466
1051.886528083197
1051.7287072083204
1051.5897268394892
1051.426968912101
1051.2801766036253
1051.1485614306948
1051.0211003994136
1050.920057496321
1050.8515540324747
1050.8794471812437
1050.9648395456095
1051.1084609434815
1051.2936782932866
1051.5097249799417
1051.7585504897397
1052.0254897781515
1052.3592272089265
1052.7972107561284
1053.1475941645374
1053.5059476801118
1053.9303945673933
1054.2932097843427
1054.4825718678107
1054.713534700512
1054.9779246428657
1055.0857610049613
1055.2138607137565
1055.2697583039844
1055.2619831189427
1055.0870658719625
1054.8458071541183
1054.5673593341382
1054.281074229583
1053.9510102674215
1053.61824821482
1053.29857542688
1053.0552296332853
1052.8412058755387
1052.641608715682
1052.4314748640302
1052.2639017486724
1052.1614133629764
1052.1009947418984
1051.945152340916
1051.808878557108
1051.6921736816782
1051.4832161814065
1051.2762279713816
1051.1198937163435
1050.9975597705857
1050.958658516205
1050.9662556667245
1051.0137207606867
1051.1759402968812
1051.3947003543453
1051.606848626139
1051.869654915089
1052.1476235965974
1052.4358722634656
1052.68766133708
1053.0008816816364
1053.3549820695962
1053.6412983132911
1053.9718947771125
1054.2019237184295
1054.526168397298
1054.7048124583523
1054.7836101222865
1054.9774415402924
1055.1793461938994
1055.1817843603087
1055.229286767526
1055.3203085294247
1055.3095363249438
1055.2689175742723
1055.1940382837026
1055.0636171565507
1054.8928092842884
1054.7349806867921
1054.5732622189084
1054.3978104183243
1054.2502605806105
1054.1335447573529
1053.9923540079683
1053.8063931433337
1053.6363163093376
1053.4324493311467
1053.237174504743
1053.002456049894
1052.763589413886
1052.467240319568
1052.1356127776767
1051.8296880393975
1051.5725354856486
1051.3405838066742
1051.10178253204
1050.8972374044167
1050.7741748197411
1050.7467711448517
1050.7597436099388
1050.8576236408164
1051.0279317710579
1051.215624295194
1051.4373202320148
1051.7067217746394
1051.9178901141054
1052.1373886707495
1052.2841143660817
1052.4164502545698
1052.5722717506535
1052.677692848812
1052.7933898474448
1052.8657116535874
1053.076878799956
1053.3208122051765
1053.445301642915
1053.5795549582529
1053.7279575969565
1053.8225096711333
1053.9175303930622
1054.0543915890103
1054.0984915940064
1054.1585028815002
1054.2710982420351
1054.3068396685314
1054.3413616680916
1054.4228626536817
1054.470828554377
1054.5117098921949
1054.5356929414793
1054.6384776619057
1054.6519501675498
1054.6894059624146
1054.7505835660277
1054.840158253524
1054.8100780126797
1054.7812170379846
1054.7153934502467
1054.4885390645434
1054.3057325763489
1054.0766742196522
1053.8361192806456
1053.600964324687
1053.4181620504057
1053.2417199299061
1053.0956203199628
1052.9179599819747
1052.752033871827
1052.5978648391965
1052.424125910479
1052.2498952656854
1052.1079757325947
1052.0497350868811
1051.9973618286342
1051.934218831769
1051.7893472652372
1051.5590857616612
1051.0606287418466
1050.351751261975
1049.741501312467
1049.046842836732
1048.1420132141855
1046.3503011201774
1045.8573137454462
1045.2358941115585
1044.6634171468854
1044.2144920317076
1043.8715061911084
1043.5507866747812
1043.2951437364197
1043.1640122635931
1043.161075126397
1043.1750131891213
1043.259410834755
1043.418181192709
1043.5661802044563
1043.7873295280735
1044.1205304023404
1044.4882336426706
1044.816063948264
1045.1412033593278
1045.4506881956108
1045.708556183391
1046.0351770667821
1046.3072412794072
1046.6201665044523
1046.897618285861
1047.1400858000843
1047.3972372736878
1047.6893791932014
1047.9597491299355
1048.1745752192164
1048.370803574122
1048.5132124371917
1048.5163966554219
1048.5051468050256
1048.38574275469
1048.200273281307
1047.94335405173
1047.6989179659404
1047.362979302582
1047.0622788716873
1046.7681906539901
1046.489762079185
1046.2003230445653
1045.9463611937144
1045.7442681221532
1045.5218692748715
1045.2786736468438
1045.0636196433861
1044.8639759736109
1044.699814144195
1044.557669930727
1044.4333814133236
1044.310564685026
1044.1657254612826
1044.043893591151
1043.9541047125067
1043.9455419694098
1044.0507438017576
1044.2325227116135
1044.458093249669
1044.7504562334177
1045.0782936365526
1045.4171470436606
1045.8051834482935
1046.1942043447625
1046.5570518293148
1047.145250631917
1047.145250631917
1047.4978142427985
1047.7451717975966
1047.9781050616882
1048.2271939624777
1048.3478273087137
1048.4496210241973
1048.5310955234777
1048.5252253173144
1048.548472630889
1048.5741725293296
1048.527436368609
1048.50958419227
1048.448911512479
1048.3074875221805
1048.185636552478
1048.0919228056314
1047.9595474691303
1047.8479739616537
1047.732237430547
1047.6377921325648
1047.4926966552775
1047.383079821675
1047.2316242146114
1047.0532548950387
1046.9659050481278
1046.870481414534
1046.7633129170504
1046.689421623684
1046.5937543796679
1046.4941721943333
1046.372569367427
1046.2519456531322
1046.1371945164108
1046.0508253369694
1046.067463102138
1046.081164680645
1046.160438137251
1046.3114011232271
1046.4626093642285
1046.5663516296256
1046.6767012300409
1046.830604086561
1047.0483701446144
1047.260510526152
1047.386276807398
1047.4354577470224
1047.4826829304914
1047.4410822251402
1047.2631997752694
1047.2304136675127
1047.2010530505866
1047.000658713815
1046.8920211346572
1046.729798786331
1046.530875712931
1046.3158048763348
1046.101714493261
1045.898880142199
1045.6659529829894
1045.496885793418
1045.3341812902263
1045.1200978020754
1044.9211879220125
1044.7376882458702
1044.528499735766
1044.3019453505974
1044.1071961637927
1043.9217474435163
1043.7492641767344
1043.6076080976331
1043.578982257841
1043.7287131913738
1043.9288460880184
1044.2190113121922
1044.564471191888
1044.964004116445
1045.3674605397173
1045.7716531111066
1046.0495997746589
1046.353484950895
1046.6211608616356
1046.8602122223774
1046.9930742403071
1047.0787127398094
1047.1398855756343
1047.1176220421198
1047.1168887328283
1047.0415261802948
1046.9182060602654
1046.7895040975336
1046.5113026470235
1046.2328589040426
1046.0009057856214
1045.7576996885011
1045.5406750245108
1045.3033457780975
1045.1107948958231
1044.903320959541
1044.672366747615
1044.4798168597104
1044.2691579197083
1044.037955814491
1043.842480256831
1043.6533784778014
1043.4967986785748
1043.3615069363236
1043.278079894141
1043.2582663705828
1043.2675660914447
1043.3656689479876
1043.5305619489204
1043.7470726529132
1043.9706846113834
1044.2442121340314
1044.522632426667
1044.7937168147002
1045.0777744360896
1045.3522892053186
1045.712197965142
1045.9429228413856
1046.2034991345035
1046.39679263894
1046.6930972952637
1047.03565212537
1047.134016612863
1047.294532549424
1047.4978707800478
1047.6074914723845
1047.585961785544
1047.5240569897278
1047.4337671201476
1047.2744687376642
1047.1107760098741
1046.8653574131101
1046.608686365995
1046.3578888991449
1046.1092950526954
1045.8859062345919
1045.6512634598712
1045.402678249827
1045.2162413769468
1044.986254174003
1044.7557804886403
1044.5595618562327
1044.4012634870803
1044.2385638921176
1044.0611799231242
1043.9207457207233
1043.8086898825543
1043.7105836749283
1043.6707060118563
1043.7027573197283
1043.813836600454
1043.9664980559176
1044.1913314435521
1044.444065860162
1044.7511197190317
1045.0961027920491
1045.4244511092688
1045.8247371678544
1046.175847936191
1046.4623672834941
1046.8110394966477
1047.1061298491313
1047.4384156938738
1047.6649992745188
1047.7354683866674
1047.8857084940457
1048.00218233269
1048.1463044960865
1048.3413293968197
1048.4727377958259
1048.6396279531834
1048.7502349501347
1048.7725027758438
1048.7450962235414
1048.7039864434205
1048.5356316503714
1048.3724166514992
1048.219970275902
1048.0205448462152
1047.8296846654891
1047.651795295152
1047.5147676539796
1047.4369568396212
1047.2752111786629
1047.1420987525116
1047.0094773898566
1046.7868136208406
1046.5631754678284
1046.3586229647933
1046.1817204094166
1045.9823096956404
1045.754274265013
1045.5392082397273
Keyboard Interrupt
