CHIP_ID(id=88)
151013 1031.4459953408632
151013 1032.9059254929343
151013 1033.9973240027728
151014 1034.8143931126376
151014 1035.4290728782769
151014 1035.8916668375184
151014 1036.227440620446
151014 1036.4882437781328
151014 1036.6779501196022
151014 1036.8231000469261
151014 1036.944875847869
151014 1037.0447426698533
151014 1037.1324403921358
151015 1037.2001682916027
151015 1037.2688808753403
151015 1037.3183450906324
151015 1037.365865494158
151015 1037.4048527118875
151015 1037.4367752550174
151015 1037.4721117918693
151015 1037.496235327285
151015 1037.504511351915
151015 1037.4820642921115
151016 1037.45693771425
151016 1037.4059703100224
151016 1037.3520752475542
151016 1037.3003729777213
151016 1037.252570274125
151016 1037.217438814268
151016 1037.1893830623299
151016 1037.1569526377305
151016 1037.1440210586259
151016 1037.1466885244583
151017 1037.1717941966983
151017 1037.2164105446127
151017 1037.2593202377268
151017 1037.2997885819032
151017 1037.324160374098
151017 1037.3436601235865
151017 1037.365601527962
151017 1037.3960776216395
151017 1037.4228915609099
151017 1037.4504402394234
151018 1037.471895843073
151018 1037.4992068507315
151018 1037.4992068507315
151018 1037.493351503377
151018 1037.4799338288433
151018 1037.4550536663455
151018 1037.4311457254353
151018 1037.3909027349323
151018 1037.3462734356203
151018 1037.3101788276717
151019 1037.2704215388858
151019 1037.2396963633596
151019 1037.197022562251
151019 1037.1697113623657
151019 1037.1689764708162
151019 1037.1933598336216
151019 1037.2284710336212
151019 1037.2696753843977
151019 1037.3047868516214
151020 1037.338926200736
151020 1037.3706239092458
151020 1037.4135358711478
151020 1037.459613563547
151020 1037.499112063343
151020 1037.5134920067887
151020 1037.5054432158317
151020 1037.483252253463
151020 1037.448863844633
151020 1037.4198339582704
151021 1037.3812965946277
151021 1037.3339753530586
151021 1037.2964097706954
151021 1037.2534856919585
151021 1037.2147105026056
151021 1037.1827633593068
151021 1037.1725213097013
151021 1037.1898284797503
151021 1037.2190848415253
151021 1037.2610254079134
151022 1037.3019824565397
151022 1037.3434373047835
151022 1037.3597728231607
151022 1037.3624520758278
151022 1037.3597728231607
151022 1037.344409503805
151022 1037.328311340039
151022 1037.3070920420862
151022 1037.275381646996
151022 1037.2353730301613
151023 1037.1907409277835
151023 1037.1585440637073
151023 1037.1443895528091
151023 1037.1314560194944
151023 1037.116827647893
151023 1037.1031589104202
151023 1037.087795413032
151023 1037.0894900613043
151023 1037.090698741687
151023 1037.111183541226
151024 1037.1328894447802
151024 1037.1787312427487
151024 1037.2175079236993
151024 1037.2599358651444
151024 1037.2916354274423
151024 1037.3277214117504
151024 1037.377464331635
151024 1037.4113575036329
151024 1037.4411017654943
151024 1037.4457256698201
151025 1037.4315713158135
151025 1037.3998595735773
151025 1037.3564467268523
151025 1037.313768847241
151025 1037.2693719621627
151025 1037.2266819333322
151025 1037.1820476830146
151025 1037.1454629961702
151025 1037.1166786722952
151025 1037.1086290155458
151026 1037.1208281213756
151026 1037.143269905258
151026 1037.1774123098041
151026 1037.2098476312076
151026 1037.244476136382
151026 1037.2764255093985
151026 1037.3105680700899
151026 1037.350318141368
151026 1037.3878634682392
151027 1037.3917522269655
151027 1037.3844258829631
151027 1037.3614861459953
151027 1037.3200163822155
151027 1037.267817407419
151027 1037.2207397454486
151027 1037.1753690789292
151027 1037.1326899782366
151027 1037.0904968718094
151027 1037.0568395829614
151028 1037.0263471507178
151028 1037.0063471053563
151028 1037.014147532682
151028 1037.0399914430866
151028 1037.0716923279715
151028 1037.103393308601
151028 1037.1441162365268
151028 1037.172652348447
151028 1037.203132398986
151028 1037.2443417148252
151029 1037.287258442839
151029 1037.3262749454095
151029 1037.3355460581024
151029 1037.3265240077346
151029 1037.307744817917
151029 1037.2879813734812
151029 1037.2535881834444
151029 1037.208951712912
151029 1037.167467564221
151029 1037.1335599260035
151030 1037.094530544787
151030 1037.0591518677127
151030 1037.0162218674975
151030 1036.989878119715
151030 1036.9966936126698
151030 1037.0157093587866
151030 1037.050090290941
151030 1037.091300353071
151030 1037.1334954560589
151030 1037.169110990536
151031 1037.202769850843
151031 1037.2342354868133
151031 1037.2659503221778
151031 1037.2935029932203
151031 1037.2981263470067
151031 1037.2886056621116
151031 1037.255432602337
151031 1037.2103087441212
151031 1037.1578699157328
151031 1037.1059170458934
151032 1037.0678584805885
151032 1037.0361428611066
151032 1037.0027198504336
151032 1036.9805255277993
151032 1036.9590667995014
151032 1036.9595526376224
151032 1036.971989254368
151032 1036.9858834398767
151032 1037.0168503134764
151032 1037.0329377909047
151033 1037.0504963679566
151033 1037.0780490222087
151033 1037.1170668596976
151033 1037.1643718164378
151033 1037.2038760171645
151033 1037.2314293231625
151033 1037.2423956928906
151033 1037.2324012629385
151033 1037.2280147246038
151034 1037.201919293255
151034 1037.1638728523092
151034 1037.141678042421
151034 1037.1155827564428
151034 1037.084851551978
151034 1037.045583949032
151034 1037.0272896751476
151034 1037.0450846171066
151034 1037.0592153948019
151034 1037.069695422292
151035 1037.100899457125
151035 1037.119916200396
151035 1037.1438186310595
151035 1037.159670416372
151035 1037.1935673247974
151035 1037.2281997756643
151035 1037.2530743013592
151035 1037.274048246833
151035 1037.2911215679278
151035 1037.2791702421102
151036 1037.2615981229983
151036 1037.237445983761
151036 1037.1769537757696
151036 1037.1220694745125
151036 1037.0918233549703
151036 1037.0752359014157
151036 1037.059134309699
151036 1037.0510835044647
151036 1037.0615636568793
151036 1037.0701003515603
151037 1037.0964325412033
151037 1037.1281365712957
151037 1037.1595910966214
151037 1037.1856873576937
151037 1037.2210428418941
151037 1037.252497858524
151037 1037.2593143482309
151037 1037.2554006073246
151037 1037.2407696510338
151037 1037.2105227846055
151038 1037.1692961141907
151038 1037.130748543555
151038 1037.0826921715632
151038 1037.0358572655741
151038 1036.9926870035151
151038 1036.9602468886096
151038 1036.958775361482
151038 1036.9782782038797
151038 1037.0099827594813
151038 1037.0399800215498
151039 1037.0707130440169
151039 1037.1058326410057
151039 1037.1494893424067
151039 1037.2070550382073
151039 1037.255834230863
151039 1037.2999773453912
151039 1037.3063080387826
151039 1037.299228878794
151039 1037.282877100218
151039 1037.2536013641393
151040 1037.2109158204478
151040 1037.1633442745126
151040 1037.1248092698577
151040 1037.0872461168892
151040 1037.0769877927135
151040 1037.0672291236501
151040 1037.0747806536283
151040 1037.0925767929493
151040 1037.1086655842432
151041 1037.131834017766
151041 1037.1645115167762
151041 1037.189873469615
151041 1037.2213297201845
151041 1037.247663769046
151041 1037.2710822709391
151041 1037.2954726890453
Keyboard Interrupt
