CHIP_ID(id=88)
963.5145349849513
1037.4309754018611
1037.4589740426104
1037.522517179662
1037.7747671785862
1038.0138968563667
1038.2179855832526
1038.4123570483052
1038.5772741682422
1038.7327062875527
1038.8844968470955
1039.0233836043915
1039.1442458767954
1039.267307961507
1039.3901290567383
1039.5207529155953
1039.725243054569
1039.991450233986
1040.2403734347101
1040.4717627697023
1040.7253510529706
1040.9940691707523
1041.2318293263725
1041.43667702955
1041.5822772440235
1041.6803260136066
1041.731796410821
1041.754491030374
1041.7423110196553
1041.621860130645
1041.3819139811449
1041.0866127887937
1040.7315649392935
1040.3638387800547
1040.0170857825383
1039.6891119342426
1039.3728404691342
1039.0809563442233
1038.7885861839804
1038.5020711741504
1038.2465282740768
1038.0380451855972
1037.8749136358167
1037.7332461041656
1037.6198610788906
1037.5067243651688
1037.4099219141954
1037.305071769603
1037.2072865584194
1037.1187698611832
1037.040482281667
1036.9692702198795
1036.923660038338
1036.896338699512
1036.8831577223418
1036.8719325849706
1036.864856104811
1036.859000545976
1036.8589881176767
1036.8592248408934
1036.8626260850137
1036.8767543899905
1036.9135580062427
1036.9786439626366
1037.0410638229273
1037.141521686046
1037.2709976200786
1037.4031537526914
1037.541652630295
1037.7001497269991
1037.8250961428153
1037.9067355013412
1037.9786113211564
1038.061392965447
1038.1797197560697
1038.1709547819864
1038.1525870542134
1038.094686739399
1038.0004521036335
1037.8947478179439
1037.7887844676798
1037.6674629615625
1037.5907055242142
1037.6010252403428
1037.5952864644041
1037.5610573110214
1037.4776157663453
1037.3395902243274
1037.1591721992168
1037.094971609215
1036.9007284419376
1036.631478458394
1036.4106717903785
1036.3303592064688
1036.257382108539
1036.1917451108407
1036.1988099863802
1036.1583337430238
1036.1745082045222
1036.2650537745371
1036.3408193205082
1036.4217875893164
1036.5086558631451
1036.6019106883393
1036.7034950109075
1036.820708745704
1036.9535518610446
1037.09616763136
1037.2443942948896
1037.3936085520547
1037.5430747533433
1037.684991337373
1037.812766766839
1037.916644001184
1038.0258919272867
1038.1368570926638
1038.2563500034746
1038.3653618806532
1038.4760816777346
1038.5870418763227
1038.6870333491006
1038.7836109262937
1038.8850640590517
1038.9887121934864
1039.0894337650373
1039.1879620845048
1039.2825896994125
1039.368681674065
1039.4325795528132
1039.4918431549047
1039.5696460674292
1039.673059005381
1039.7823271606137
1039.9179352034193
1040.0564717707437
1040.1852529430555
1040.2959848109047
1040.3854974131425
1040.4450114744507
1040.474768041355
1040.4925729628021
1040.5459892143635
1040.6233098665452
1040.7162423117582
1040.8140539492415
1040.9413808604886
1041.0374863875504
1041.1353008040574
1041.2070159977839
1041.268730204289
1041.2992217722767
1041.268243563448
1041.1343286434906
1040.9345524029982
1040.6911146174812
1040.423773167184
1040.1535054061567
1039.8664095748331
1039.5524841307542
1039.2302643723897
1038.81167321477
1038.3462030149171
1037.9616229508529
1037.6968141733064
1037.4546770129232
1037.2215678792438
1037.0094360017872
1036.8151065183602
1036.632737301662
1036.436992564649
1036.2437088751878
1036.0628489430599
1035.7948496663164
1035.6368261602981
1035.5014843105312
1035.3800262812226
1035.2729536114641
1035.1734236966722
1035.0834114989302
1035.0099595445822
1034.926751023535
1034.859132115218
1034.8061331517224
1034.6413495708468
1034.5120470611212
1034.4045680783906
1034.309465526781
1034.2272410876235
1034.139649844418
1034.2544273751014
1034.342426520507
1034.4564207277826
1034.5710733396388
1034.7072917422963
1034.841643487866
1034.9860557242691
1035.1349210485096
1035.2782065072884
1035.4139703552999
1035.5546273079888
1035.6928625118912
1035.8345338828055
1035.9766931153138
1036.1171649145006
1036.2632460762816
1036.4127440515106
1036.5642021841072
1036.7434666094723
1036.9246764286452
1037.1022384035223
1037.2917683996343
1037.480078185331
1037.6703459449313
1037.8693896235586
1038.0740440054435
1038.2625879167565
1038.4530907480728
1038.6506745155652
1038.839962114447
1039.0197409789914
1039.204885334325
1039.3819879278476
1039.5608003169386
1039.7274199389983
1039.9064820338704
1040.0901815331822
1040.2904723583315
1040.4888120136698
1040.65665894232
1040.7505839878154
1040.8127945268748
1040.8537811012961
1040.856707678715
1040.8581709677683
1040.8493875448094
1040.7903459786412
1040.6444520669095
1040.4214637863606
1040.1479762676909
1039.8381406778194
1039.5117175991645
1039.181881787173
1038.8669312039522
1038.5436836218398
1038.2245878684116
1037.9323304269135
1037.6461826880613
1037.3727676035105
1037.1414936840895
1036.929488600427
1036.7370025629364
1036.5088214014818
1036.2817261260802
1036.0696338120013
1035.887937572691
1035.7344517083418
1035.5970027601418
1035.4675538427382
1035.3490491363455
1035.2339403537649
1035.13394285176
1035.043702517912
1034.9668658515266
1034.8160669490287
1034.6949317629028
1034.5907900255115
1034.4963679979937
1034.4226204750705
1034.3564392368755
1034.3216324071489
1034.295127127948
1034.2844449185902
1034.3708104359598
1034.4341274013668
1034.50606522465
1034.567322203004
1034.6281389064004
1034.7099472013858
1034.8663248536127
1035.0363741041926
1035.1984900665125
1035.3426560124744
1035.4812637238408
1035.615300655182
1035.7474221078517
1035.8771221310615
1036.020738988843
1036.165348614109
1036.3138800911684
1036.4702332035747
1036.6358637139613
1036.812713938753
1036.9861512856783
1037.1530104645258
1037.331340135014
1037.5206406957432
1037.6977530961142
1037.8675501320802
1038.0485685613958
1038.233253878547
1038.416471129353
1038.5928694251581
1038.7612160954445
1038.9468909400205
1039.1196295433642
1039.3045726412463
1039.479756414253
1039.6549415878287
1039.8269529178108
1039.9728592192303
1040.136580310917
1040.2788318978412
1040.385457782693
1040.4686596815545
1040.5198971146174
1040.5450267691767
1040.5503929757224
1040.5552716653067
1040.5342875527374
1040.4881702987311
1040.3712902997677
1040.1858432151491
1039.9803872979874
1039.7393098923756
1039.5011627793656
1039.2344681671568
1038.9638725362588
1038.6893763904104
1038.4124395179613
1038.1608743955398
1037.9163910623927
1037.7038733564589
1037.5208771103064
1037.3505728985497
1037.1846568665808
1037.0106875689164
1036.8759997841573
1036.7283858607202
1036.5956576892581
1036.47927155777
1036.371424820222
1036.2657713207116
1036.1218761734244
1035.979195473522
1035.789016974255
1035.6301769997117
1035.4685795475511
1035.3303147547679
1035.2093240136094
1035.121703705907
1035.0640358925596
1035.0993172196352
1035.1302721727634
1035.1717816948471
1035.2065230936757
1035.2539733017009
1035.326801445142
1035.4206241120235
1035.5310377086905
1035.6534248956166
1035.7081240726784
1035.8565317102473
1036.0047123885263
1036.1426723000702
1036.2935941339977
1036.4365012832059
1036.5935721892508
1036.7406505823988
1036.9290477931236
1037.10006890024
1037.3344951778777
1037.5526433923449
1037.7547560432731
1037.968626200774
1038.1749650463762
1038.3910866304825
1038.6028386500252
1038.8094834587348
1039.027117190424
1039.2371980246824
1039.4363078692847
1039.621021302943
1039.8094011467401
1039.9948544583956
1040.1954490245432
1040.3748124011468
1040.521716137656
1040.63787300495
1040.7227947506037
1040.789171694572
1040.8184544988603
1040.8174759916549
1040.7557323921264
1040.6246786479521
1040.4238311630681
1040.157336361941
1039.8837688709384
1039.5731089494193
1039.2805069129333
1038.9901107106502
1038.737048955068
1038.515210845678
1038.3016758401484
1038.1054722208382
1037.9417243012958
1037.8138480543905
1037.6893881717997
1037.5749268716047
1037.4504668336504
1037.316745265896
1037.1766776147604
1037.0412660758961
1036.9177787493866
1036.8118579178536
1036.7054512368793
1036.6110011251853
1036.5121637562756
1036.438948049952
1036.3991570578448
1036.380115546899
1036.3791258088715
1036.3964401654448
1036.398866708095
1036.4110567642504
1036.438134815501
1036.4854586255888
1036.5374218742556
1036.6106207752737
1036.7099281020196
1036.8241242747622
1036.9580825172848
1037.0089951630187
1037.1186744142983
1037.2482799787642
1037.3503952290816
1037.4578630769925
1037.5082001272442
1037.5757915505799
1037.662834949666
1037.7642355010632
1037.9583073107322
1038.157545618918
1038.353893971632
1038.545620470422
1038.7524901467827
1038.9596014877634
1039.1584243395178
1039.3482304830284
1039.5348683276782
1039.7298040843793
1039.9008259031052
1040.0445239305895
1040.0526825704976
1040.0234850266131
1039.9671884115776
1039.8742925227018
1039.751390860872
1039.5914234889842
1039.398536435132
1039.1893102376398
1039.056215078611
1038.8667779444413
1038.733014729109
1038.5707271056092
1038.403098499627
1038.233557467229
1038.086497494379
1037.9404343241936
1037.7824444361747
1037.6283787201326
1037.4765171066047
1037.3407785798652
1037.2050540713424
1037.0661627615925
1036.9431481807726
1036.8386726534286
1036.7434753043763
1036.6680395690887
1036.6092009045803
1036.5715991059494
1036.5527885070114
1036.5386173861632
1036.5298234710865
1036.5256691661978
1036.5268921598881
1036.5325024495733
1036.5468873786222
1036.567872645934
1036.6032621956806
1036.4662187731662
1036.565729348866
1036.6301845772798
1036.7054317376344
1036.7990234958122
1036.9060691294244
1037.0243568472301
1037.1592630052771
1037.2939378836265
1037.4286155270354
1037.5603808241071
1037.6875241844223
1037.8239473175136
1037.9732882142112
1038.1453416900454
1038.325703093918
1038.510941941253
1038.700086311824
1038.9077778330916
1039.1237773486107
1039.348074031838
1039.5599272688282
1039.7727658288713
1039.976576250824
1040.1767239829474
1040.3717479698112
1040.5694574405543
1040.7327548583758
1040.8757908792838
1040.993443986816
1041.0798537530034
1041.1274515156924
1041.144538514568
1041.1420964527904
1041.087659905174
1040.9639000683158
1040.6725847405598
1040.3697974330046
1040.0577458906578
1039.747652518226
1039.41390207245
1039.1038143759397
1038.7227261725595
1038.3769961987814
1038.0804754608796
1037.8168503449465
1037.5765959776418
1037.3429005711362
1037.1216305068951
1036.9381456298106
1036.7741612024686
1036.6798933306027
1036.5864223653518
1036.4757281330014
1036.3877300520885
1036.2853799394622
1036.1886718011992
1036.1202967478134
1036.0068967983107
1035.9387982465241
1035.9652102158875
1035.9821515507135
1036.015221107454
1036.0431871248795
1036.1292810238865
1036.2567609597236
1036.3838630388009
1036.5203112277832
1036.6768211361625
1036.8343666060814
1037.0014685469787
1037.1597996984692
1037.3164443008463
1037.4723723747222
1037.6246515622902
1037.7896299239965
1037.956805264386
1038.1264282137308
1038.316557018789
1038.4903381630302
1038.679499310282
1038.883305178165
1039.0849187840709
1039.2923966552312
1039.506711947262
1039.7263949924263
1039.9380332188332
1040.1284336842584
1040.2819772305709
1040.4006116580845
1040.4840962679855
1040.5551323004493
1040.6149409877735
1040.6718195358483
1040.734799579254
1040.7943622665848
1040.8402545011195
1040.8871219306527
1040.932527103092
1040.9796412936305
1041.0255391182725
1041.073628686679
1041.1266035327853
1041.1593179998335
1041.1707924299708
1041.1483311909105
1041.0597116569995
1040.8898005288934
1040.660321030372
1040.4054564571425
1040.1186127932185
1039.821517946483
1039.531260124932
1039.2363754094545
1038.9368544777417
1038.6519795290014
1038.3797904405535
1038.1176190501708
1037.8788854289865
1037.6879969386057
1037.5156536164743
1037.3555230629502
1037.2041702808822
1037.078447584692
1036.9710346844713
1036.855330852898
1036.7091684876825
1036.5141379362178
1036.3778069327186
1036.2981813650047
1036.3290447934246
1036.3604322142069
1036.380115546899
1036.403253595279
1036.4593131456327
1036.5358908513729
1036.6305227172313
1036.7451697021127
1036.8720283989467
1036.9557748308334
1037.116492699357
1037.266498099636
1037.420928190907
1037.5778066125517
1037.742758660283
1037.9018661675416
1038.0548916020166
1038.1996251676744
1038.3480243283498
1038.4810598358915
1038.6221484533921
1038.7725115942544
1038.9150555142464
1039.0461264905719
1039.257995740955
1039.384951162636
1039.566337746679
1039.7087348534026
1039.8233508210837
1039.9182286330777
1040.0126407620548
1040.0955981573504
1040.1751484697725
1040.2459245859147
1040.3069355530054
1040.352087463356
1040.3974872682825
1040.4404440094672
1040.4782815350927
1040.5290567134173
1040.5759269767825
1040.6149868957136
1040.6462362957564
1040.6943288906793
1040.7480361805765
1040.7870968212053
1040.8190747141332
1040.8271262896956
1040.8134477600343
1040.7611953507737
1040.6523041107027
1040.4755391931353
1040.244581759176
1039.967962001048
1039.6876772734645
1039.4000706839358
1039.1017248937421
1038.825597029324
1038.5658375266983
1038.3080398499558
1038.0751259524848
1037.85223132449
1037.6425232932172
1037.436234315413
1037.2431319538223
1037.0705371216195
1036.9189348492205
1036.7858775830887
1036.6950560859507
1036.6223144356563
1036.571302659544
1036.5329700359841
1036.5097849198976
1036.5080760956516
1036.5061139930021
1036.5097635509226
1036.5163455986856
1036.5463448972114
1036.5756060283684
1036.6195299406518
1036.6886019435212
1036.7796574879035
1036.8899964851564
1036.9659494959546
1037.1089274856104
1037.27317251032
1037.4257109677221
1037.5119419368239
1037.6533199357468
1037.7804202495636
1037.8570165506133
1037.9554819508332
1038.077531313528
1038.2195312547085
1038.3648906482322
1038.511455422639
1038.67285833883
1038.827416143569
1038.980492258454
1039.2196982681269
1039.4377367447094
1039.638741109916
1039.8256260436506
1039.9830040480208
1040.1013479360488
1040.1713787267413
1040.1310015769582
1040.0603331141324
1039.9379049906452
1039.8670498343063
1039.7820012570055
1039.7360848524636
1039.5659562769508
1039.4131129451725
1039.2429792777555
1039.081138380449
1038.9613991282088
1038.886449244879
1038.7964110352427
1038.695670337544
1038.610339705307
1038.5260171324576
1038.4483194183567
1038.3740371480308
1038.31173087378
1038.2545657513283
1038.2198679407447
1038.216434088223
1038.2327716480672
1038.2747606805556
1038.3601974827986
1038.4969070364457
1038.7029682107336
1038.922204144032
1039.2034583191119
1039.4825218692795
1039.702267024958
1039.8460751810856
1039.9271317388793
1039.9925577990498
1040.041876098042
1040.0912041613874
1040.139061733801
1040.191311855941
1040.2372123899718
1040.2958038417441
1040.3631898837318
1040.4188595489345
1040.4689145428365
1040.5287379209967
1040.5953984014204
1040.63398402849
1040.6181135964084
1040.5302075913899
1040.3785643503966
1039.5308617640837
1039.463120015358
1039.3300050389118
1039.1627502312965
1038.9594087763198
1038.7543881847334
1038.553303054887
1038.3410193564198
1038.150000964063
1037.9704691519682
1037.8009694276009
1037.650518099851
1037.5047244513494
1037.371631042565
1037.2622308431437
1037.1850698925941
1037.128437793129
1037.1377013179324
1037.1689302030175
1037.1874774354628
1037.2172502359695
1037.2682704326942
1037.3400525377
1037.43061593067
1037.4893987489015
1037.5886696334976
1037.6066111039304
1037.662449148515
1037.7415863600236
1037.841633119794
1037.9694141888413
1038.102033373737
1038.2397578365844
1038.472133054231
1038.7192213302922
1038.9549024813737
1039.1957574055195
1039.4132186481706
1039.6138562641788
1039.7590911569598
1039.8811397024956
1039.964613647297
1039.9801315226885
1040.0650324798205
1040.1406733274093
1040.2589538851262
1040.3336563218065
1040.3863908748892
1040.440587074988
1040.4906245382615
1040.5577512426448
1040.6112074894347
1040.654151376858
1040.7209192391267
1040.7508548706942
1040.7517535461313
1040.7121368032895
1040.634440332654
1040.4917948291932
1040.299096194668
1040.0683110393495
1039.823361381079
1039.5635234966949
1039.2846450761954
1039.0174952917575
1038.7613387887513
1038.52130391288
1038.2973746401885
1038.0878569558256
1037.9095919101198
1037.7281604762375
1037.5738439598683
1037.451265485855
1037.3567729965996
1037.2854715976794
1037.2337098622236
1037.193659823575
1037.1733818906366
1037.1540747291115
1037.131602000828
1037.1254829662316
1037.1115562103575
1037.1076317050815
1037.1046986509236
1037.1183517902762
1037.1295779876202
1037.1410366079815
1037.1639745836192
1037.2084149867371
1037.2833691649512
1037.378834900377
1037.4833331657494
1037.6193372845164
1037.7695023698261
1037.9052565266388
1038.0610379243258
1038.246382243946
1038.4568652191963
1038.6854165246057
1038.9117752815312
1039.1413193956066
1039.3732982677489
1039.5830700561555
1039.8004052666302
1040.0172560820822
1040.2353316397541
1040.4553669345262
1040.6646423831214
1040.8878455587326
1041.116428290413
1041.3274310105894
1041.5489403765364
1041.7826652643134
1041.9934331620977
1042.1497409260046
1042.152026911846
1042.196480393302
1042.1205853119413
1041.9634014290914
1041.7451810264288
1041.488149249963
1041.1988923158174
1040.9010797559872
1040.6256567020619
1040.333866781818
1040.0313274152059
1039.749051474451
1039.4621354543365
1039.1857135126413
1038.922718838718
1038.6760851440727
1038.420430371966
1038.175042590869
1037.9567629006701
1037.6895206688384
1037.4522753776216
1037.2503765430463
1037.0757933134257
1036.937062683194
1036.82245320021
1036.7454337592144
1036.7034985458836
1036.7651046327828
1036.8721042193347
1036.9594954896002
1037.047980239651
1037.135093336935
1037.237674055971
1037.349584440307
1037.4754663259127
1037.6177467286636
1037.7720157290264
1037.9236259733107
1038.0708483870367
1038.2461439179633
1038.4251133645803
1038.6045882855396
1038.8053161321413
1039.0172759073002
1039.2277793444769
1039.4629547311279
1039.6952001067523
1039.9223193838054
1040.140893295955
1040.353853745957
1040.5814671694507
1040.8112801314094
1041.0274190161351
1041.208145515817
1041.3517492580058
1041.4560322618158
1041.5302825786905
1041.5761970050705
1041.6394551338253
1041.6946526779318
1041.732019243669
1041.7264024583767
1041.6558176272813
1041.504143779965
1041.2933600656672
1041.0295771582041
1040.7560331700658
1040.452692619827
1040.1532607481295
1039.863115124357
1039.5854257656333
1039.3074883395698
1039.0388368515166
1038.7985121223196
1038.55843946256
1038.3349775423405
1038.1254271007538
1037.9241911255879
1037.7578843194783
1037.5979309617799
1037.4692347660614
1037.373504546144
1037.3065823200961
1037.2618830669442
1037.2242748844185
1037.2130261272641
1037.2088685000554
1037.199582459056
1037.1795968856384
1037.1781194540752
1037.177634084122
1037.1703108859067
1037.1502213363444
1037.101452365167
1037.0713805550427
1037.0483568699171
1037.0286890595082
1037.017293297989
1036.9562395013097
1036.9055687470905
1036.8716527521408
1036.848627243989
1036.8436397519822
1036.8408062141398
1036.869174798293
1036.9168235260126
1036.9759274671526
1037.1371775312255
1037.3112159647908
1037.5031498709636
1037.7012484295667
1037.9140363757024
1038.1246556714989
1038.3448328780935
1038.5017538074885
1038.6705812722341
1038.863770965382
1039.1178037812947
1039.3535761032747
1039.58571605633
1039.8227018852426
1040.0965332734245
1040.356236366035
1040.619159236007
1040.8701584221958
1041.098953477127
1041.3238664795497
1041.5502565099753
1041.7366005893946
1041.8890003411818
1042.027483460331
1042.1579078890768
1042.2731921269517
1042.4036245402924
1042.5135401692842
1042.616374873264
1042.7069958305851
1042.7751460631032
1042.841831899182
1042.9099827455714
1042.9798438587309
1043.062651476265
1043.1496126961765
1043.24048274886
1043.3386820767541
1043.4412785346058
1043.5526696032366
1043.6547790783875
1043.7165826914243
1043.7153614127078
1043.664794907835
1043.5245778575775
1043.3115661310787
1043.0736389697563
1042.804200854318
1042.530122210432
1042.230642032351
1041.916997174296
1041.6226512485973
1041.3302647415342
1041.0398389017741
1040.7774999471228
1040.5100437271474
1040.254061650537
1040.009563193299
1039.7662898862518
1039.5467051486594
1039.3395762142493
1039.1380787413545
1038.9448808046418
1038.7665853001347
1038.5880395400177
1038.4202385776975
1038.2602485511125
1038.0980631237812
1037.9392972793885
1037.7907896242352
1037.646439962941
1037.5150500597833
1037.3973170038623
1037.2947387782885
1037.22097101581
1037.1553980806293
1037.0672937633128
1036.9664539688158
1036.8816971218182
1036.8924162638089
1036.906068674214
1036.9268115462617
1036.9443679440228
1036.9843982299565
1037.0583609865369
1037.1533420869487
1037.271262482475
1037.4187279455994
1037.547196167613
1037.7553978358853
1037.995867573519
1038.2426952695441
1038.4858758340085
1038.715402187731
1038.9439449311342
1039.1556481870027
1039.3754288871598
1039.6044951172983
1039.8360085402567
1040.0672745401275
1040.3000135476038
1040.5403269665026
1040.7691700502176
1041.0767583231184
1041.361692926555
1041.628597107661
1041.8628018711677
1042.0967820740009
1042.3312643712297
1042.5660045965906
1042.8031952116942
1043.0308673342518
1043.2407088997152
1043.3804441957968
1043.4930641892754
1043.5971345413027
1043.7097560229042
1043.803323198214
1043.835327256207
1043.8377708596634
1043.811631196105
1043.7275915019788
1043.5619551426257
1043.3393973170676
1043.0745767205174
1042.5946919953253
1042.3381805260292
1042.0523492765333
1041.7411081371342
1041.42107657995
1041.1186392658356
1040.836725743363
1040.5577425260446
1040.2870689583697
1040.0237331340459
1039.7848228141274
1039.555685264385
1039.3443836398897
1039.1399219249156
1038.9444960787605
1038.745650668484
1038.5568126080448
1038.3726360233638
1038.1994385998778
1038.0264938114328
1037.859903146351
1037.7109173938265
1037.6183560551376
1037.548993514043
1037.5020904612838
1037.4806021629101
1037.4656995675439
1037.4429869882617
1037.4219842262287
1037.4085378596217
1037.3928962576547
1037.3884841043098
1037.39677944239
1037.4260777242378
1037.4656349402396
1037.5261954923137
1037.6109682673564
1037.733821602903
1037.87841794408
1037.988646363137
1038.1763908519563
1038.2609686514477
1038.3632040955679
1038.5565609214525
1038.7474926397051
1038.9413772432283
1039.1462596593651
1039.3513956492338
1039.5626365049598
1039.7682775399824
1039.9697649118434
1040.1534218584757
1040.344655239899
1040.5224614183007
1040.6907550830103
1040.781293180786
1040.8844808934136
1040.9913038519649
1041.0636784724295
1041.1697162305043
1041.3336118951474
1041.4923679283834
1041.6247416994356
1041.834180231487
1042.0326692055187
1042.2084638170884
1042.3818303403532
1042.5432424998721
1042.7022198393288
1042.8665734208878
1043.0338628123823
1043.159884195478
1043.2290009037613
1043.259769303415
1043.2673320894378
1043.2629263556735
1043.2135685978296
1043.0811454795034
1042.888134359387
1042.6628735656068
1042.4192964163024
1042.1700970739303
1041.926763009787
1041.6724337453595
1041.4210374563038
1041.174771905376
1040.9331498303895
1040.686159878982
1040.4367252309323
1040.221006302627
1040.013588695606
1039.8205886002747
1039.631259613877
1039.4551104013228
1039.2740819544158
1039.0825588641494
1038.8861414971059
1038.6955926340258
1038.5155383499828
1038.335250717052
1038.1674194647449
1038.01400710669
1037.8847674066408
1037.7706851129913
1037.693736775424
1037.6341417271424
1037.5953199324122
1037.5689534352102
1037.5557593475146
1037.55550572851
1037.5532885264356
1037.5427751817315
1037.5266465230825
1037.5342035105032
1037.5583747050814
1037.5930376556241
1037.6467642073671
1037.7210322801816
1037.8285079682878
1037.9486930863397
1038.0928188981147
1038.2591757778005
1038.4477641395542
1038.6319436656145
1038.8197973817844
1039.0169409380103
1039.235595730421
1039.4488701404996
1039.678023357633
1039.9098617762972
1040.1404791210734
1040.3784264664037
1040.6400812254492
1040.8744683487307
1041.101283360395
1041.3358874068724
1041.5092848501151
1041.661112970178
1041.7948104054383
1041.9057729820217
1041.9937620718615
1042.0616994781954
1042.2399210357507
1042.3969244632024
1042.5378266858183
1042.6582287028834
1042.7747284742538
1042.916139413256
1043.0568207824874
1043.2089853581883
1043.3653058629689
1043.537018086244
1043.6711171112065
1043.7495264280044
1043.792762497831
1043.8000923520406
1043.763943834479
1043.6843150385803
1043.5094236642915
1043.27639803847
1043.011127643609
1042.7844152189475
1042.5579116548722
1042.2862004512538
1041.9986011086207
1041.700007105675
1041.4111893624058
1041.1270154050717
1040.8604346196084
1040.6016756070703
1040.3600278881597
1040.1213126127177
1039.8887001500093
1039.6736894148726
1039.48555489736
1039.3164833460653
1039.1615796131462
1039.0142543953575
1038.8708358607496
1038.7144744361583
1038.5551791863807
1038.3971086213649
1038.2676249013355
1038.1579243278925
1038.079744677292
1038.0374775023179
1038.0069279178151
1037.9895735417122
1037.9736968865209
1037.9602483011718
1037.9463140596997
1037.939705857406
1037.9392202603115
1037.9365389475104
1037.9446039413926
1037.9700024453878
1038.0178859090784
1038.0901969266267
1038.1888989222157
1038.3322978805143
1038.5028079891733
1038.6870200091687
1038.8919893451252
1039.1128387344095
1039.3476236897277
1039.57580534547
1039.8086341165001
1040.0353615269362
1040.2667352104763
1040.4819818040432
1040.7133597157938
1040.9474242879733
1041.1792938392227
1041.4133634249456
1041.6669850862527
1041.954569581881
1042.2238312814566
1042.4285882412694
1042.5849673471018
1041.9463351829183
1042.0778841906508
1042.1093558805205
1042.2826115895198
1042.3795260238146
1042.4583865917064
1042.528952786613
1042.5975691058647
1042.632272977719
1042.674301501673
1042.7014372362414
1042.7693474263415
1042.8614284472455
1042.9999046438766
1043.1398565762597
1043.282259120935
1043.40121738273
1043.4622859596964
1043.488668241905
1043.4903785365946
1043.48940164613
1043.437369880455
1043.2998392657169
1043.100016104793
1042.5593783785205
1042.2892931840586
1042.0055292042055
1041.7244531066106
1041.4528889773183
1041.181820255037
1040.9207454126308
1040.7508110424453
1040.565012581087
1040.3874574082001
1040.2310939523556
1040.053036416233
1039.865968391747
1039.6696501871697
1039.4650484248432
1039.2721886404463
1039.0874030987784
1038.899695263648
1038.7276458379354
1038.5712386703497
1038.433895122349
1038.3163546695503
1038.2254387243104
1038.1716618017626
1038.1594368885483
1038.1924172854012
1038.2525087232777
1038.3257968604416
1038.3998240631206
1038.4518510178013
1038.5060940295837
1038.5686358698729
1038.6431499893254
1038.7337954617326
1038.822478664672
1038.9228824588592
1039.0540730353466
1039.192592526458
1039.3399169149973
1039.491401012618
1039.6599899371936
1039.8356725113551
1040.0069619456951
1040.168712590167
1040.3353589581675
1040.500282788334
1040.6698527190154
1040.8474895138058
1041.023179363946
1041.2047271918473
1041.3828558884065
1041.548764574049
1041.70343725248
1041.868622524422
1042.0440723028346
1042.187998458988
1042.2779228865054
1042.3399909073692
1042.3834836192336
1042.4010771714172
1042.4032755826447
1042.4022999060282
1042.3759127771202
1042.2823195611802
1042.1545082935468
1042.0066651407512
1041.8524678096683
1041.6880075874117
1041.5040055982076
1041.3234161009677
1041.1051068396755
1040.9191914698968
1040.7382437010172
1040.5704663294757
1040.4183136396327
1040.2651672700772
1040.1195891780196
1040.007717363983
1039.9090418847277
1039.834796515518
1039.7011496232676
1039.5958016262996
1039.543673523886
1039.5108131581962
1039.5167779284445
1039.5991666614846
1039.729648536508
1039.9248233141448
1040.1552171844933
1040.3561216437522
1040.5006319657953
1040.6322275211244
1040.773125886095
1040.8859521054862
1040.9838872208131
1041.085006127038
1041.1454425936836
1041.2158589014093
1041.3543174689285
1041.5128170749026
1041.6852150880754
1041.837573327897
1041.894915854716
1041.906827897268
1041.8899239882305
1041.8094895268282
1041.614941877369
1041.3629768482
1041.0907313965727
1040.8040749889074
1040.5201152098641
1040.256682322362
1039.995712694722
1039.736942852196
1039.5060292973542
1039.2890356182102
1039.0974653278274
1038.9515734186161
1038.8250011393984
1038.719926374871
1038.6497989106858
1038.5955314569062
1038.563519198441
1038.5429940879833
1038.5229548169395
1038.5141497282737
1038.5031483691982
1038.4923999944738
1038.5082796537272
1038.527580197368
1038.5749665126655
1038.6543657756222
1038.758197972365
1038.8996614946723
1039.060932373425
1039.2598351611655
1039.4665541372217
1039.6920909621062
1039.9112745675684
1040.1573429665457
1040.4065987709066
1040.647790438419
1040.892892336337
1041.1316412276512
1041.3650221860992
1041.585445714757
1041.8129623563864
1042.0741986953587
1042.3102732939822
1042.5121357002597
1042.6986030643595
1042.854278567074
1043.0106894002968
1043.1551255877694
1043.292715562868
1043.40318046731
1043.4454579839924
1043.390955973245
1043.2577586579494
1043.028759118883
1042.7137919454108
1042.430542881137
1042.1026519689542
1041.714314546266
1041.3320947692537
1040.9843044497725
1040.6582457586965
1040.401133276227
1040.155266413542
1039.9250446301216
1039.6950804720664
1039.4722186993881
1039.2769691232147
1039.1054261842892
1038.947815744531
1038.7626070992128
1038.6135655536837
1038.4975042297388
1038.4188344713994
1038.3699770306548
1038.343352384562
1038.3262503696255
1038.3281934916176
1038.3181651603334
1038.3174265003465
1038.3213326939147
1038.3164349424305
1038.3227900203449
1038.3249860094788
1038.3680074882154
1038.4121018458013
1038.481559792994
1038.5706137809739
1038.6924424082076
1038.8377555216587
1038.9982341080365
1039.1655775368326
1039.3454024456132
1039.5452711180972
1039.7615276440401
1040.0056433680852
1040.2680929822318
1040.537388911748
1040.7976482748993
1041.0620689077427
1041.3142683941069
1041.5591410029235
1041.7981485542566
1042.0141922718449
1042.2637181302928
1042.5218008902234
1042.772555443803
1043.004981527011
1043.250854992057
1043.471309762376
1043.6240657124056
1043.725738999751
1043.7736414342837
1043.7658184234767
1043.6817388627273
1043.5023411024922
1043.2611074634988
1042.9724599691754
1042.65546585522
1042.3421372828855
1042.0363899900697
1041.737976169835
1041.4434736297246
1041.1582634604822
1040.877214043087
1040.6025236509495
1040.3459168457434
1040.1098405819234
1039.8872004077787
1039.6772738863542
1039.4969161327756
1039.3392838013915
1039.2068254274898
1039.1120015140366
1039.0416127192632
1039.0020345418566
1038.9736923663165
1038.9587826792367
1038.9497242206241
1038.931879189894
1038.9247839442974
1038.9186606272297
1038.9232871331576
1038.9257364735854
1038.9340564236468
1038.9504435511901
1038.9936956284362
1039.0604108444068
1039.136566636761
1039.245667575867
1039.3843289007239
1039.5598944817946
1039.7554597312594
1039.9072283584508
1040.0610989576596
1040.205625315849
1040.3706388915757
1040.5639577747438
1040.7606800778083
1040.9603208857782
1041.1514074131221
1041.400267318621
1041.6262090562504
1041.8399657153113
1042.0713437126208
1042.2985834987867
1042.5214343102175
1042.7235229414625
1042.9243909550485
1043.0354049501527
1043.1173041571656
1043.2807360771687
1043.4873898217638
1043.5240434160896
1043.5128040446489
1043.4419458340437
1043.29948365107
1043.0820034702526
1042.8696160099246
1042.6476473975476
1042.3987950706758
1042.1296603581764
1041.8409804934445
1041.5432570291753
1041.2409007948636
1040.9317079944256
1040.659424269656
1040.4042457629241
1040.1742395524832
1039.952549841131
1039.7482180313245
1039.5605067990318
1039.3691397553403
1039.1863267728927
1039.0350456178742
1038.9228779249154
1038.8378290168816
1038.7938368797973
1038.778440645205
1038.7708589542538
1038.7627913680806
1038.7586310420863
1038.763763128632
1038.7698669819954
1038.7823277576624
1038.803827955986
1038.8480533092566
1038.914770974865
1039.0125343805892
1039.1454843442234
1039.3004219941615
1039.4702712249118
1039.6493962908128
1039.8480799426286
1040.0604520462002
1040.253034400516
1040.452211078704
1040.6609317017042
1040.8708647026658
1041.0764046020772
1041.279510944114
1041.4931220207395
1041.6959824916303
1041.8127540467171
1042.0133618821337
1042.2093408523046
1042.4151118028803
1042.6230941287652
1042.8252194089207
1043.0273482433863
1043.2483015782338
1043.4365075680016
1043.5626307258324
1043.6298491488135
1043.1334478682975
1043.2122803534264
1043.2241748540296
1043.2333902035532
1043.2125603879724
1043.1418760308143
1042.9827198631006
1042.7444593001628
1042.4815108176776
1042.1775597740757
1041.866027052538
1041.5576647137182
1041.2661394607976
1040.9780281803846
1040.698958835937
1040.4019198215528
1040.1454056416842
1039.9080667625024
1039.6761193303917
1039.464458377666
1039.2801792596229
1039.098347177406
1038.9123732339388
1038.7427844538215
1038.6025267975785
1038.4835137222094
1038.3899247428922
1038.327356378455
1038.2985111236674
1038.2731077719795
1038.2567424039803
1038.1877343292545
1038.1389139387884
1038.1049171256059
1038.0708792206385
1038.1578341934537
1038.2282986240841
1038.2900856894134
1038.3536275794402
1038.4382482727767
1038.5551634904905
1038.6853244031795
1038.8399456570262
1039.027095156838
1039.243351145527
1039.4681652148802
1039.7179077772657
1039.9666829086507
1040.2232952449135
1040.468923508124
1040.698419055579
1040.9376958383414
1041.18650415252
1041.4257866120254
1041.6611624710981
1041.8999529277476
1042.1365488482631
1042.3738841667537
1042.587755983991
1042.8045717235595
1042.990348617076
1043.1499661606638
1043.3054278395296
1043.4694462994237
1043.6097567315358
1043.7263546953589
1043.8353748411107
1043.9333978383129
1043.9925535524767
1044.0184636895854
1044.016509529123
1043.956865232373
1043.794796207879
1043.5542627819023
1043.2985735556388
1043.0267512850633
1042.7353803289311
1042.4462113596994
1042.1739073466101
1041.8901153476697
1041.5838437023306
1041.2770881455076
1040.982549854951
1040.6973057402154
1040.4262383555126
1040.1610435496239
1039.9156440472418
1039.704716096202
1039.4933036665598
1039.2887366796
1039.0858823931696
1038.8998852680456
1038.7498167841652
1038.6305439346643
1038.5484239790514
1038.5027173127298
1038.4672756320456
1038.4467457161527
1038.3969094163276
1038.3629124587992
1038.3388610142467
1038.3301836654612
1038.3212309438711
1038.3156778249486
1038.3157205909151
1038.3147492315748
1038.3198809034488
1038.3284336919155
1038.3453070502471
1038.383678421365
1038.4508759360378
1038.491580184088
1038.574212657169
1038.703420348134
1038.881421954921
1039.0774723559016
1039.377008380271
1039.6595330924508
1039.9550720006314
1040.254566035
1040.5462863515932
1040.8436492400494
1041.143967644354
Keyboard Interrupt
