0
0
0
0
0
0
0
123
317
409
457
490
485
500
639
721
708
836
946
792
732
563
415
344
431
606
456
302
182
91
105
144
320
450
572
686
760
849
1002
960
864
711
616
605
597
581
552
521
512
463
432
405
435
470
454
413
428
505
538
582
650
648
601
676
804
857
885
928
1023
1023
1023
1023
1023
1023
1023
1023
1023
1023
1023
1023
1023
1023
1023
1023
1023
1023
1023
1023
1023
912
614
368
121
0
0
0
0
0
0
0
0
0
0
0
0
0
0
0
0
0
0
0
0
0
0
0
0
34
120
190
216
246
290
344
390
429
483
598
776
956
1023
1023
1023
1023
1023
1023
1023
1023
1023
1023
1023
1023
1023
1023
1023
1023
1023
1021
860
660
535
427
290
197
140
84
12
0
0
0
0
0
0
0
0
0
0
3
0
0
0
0
0
31
67
122
159
160
176
209
252
287
317
360
413
422
422
433
452
479
506
583
771
985
1023
1023
1023
1023
1023
1023
1023
1023
1023
1023
1023
1023
1023
1023
1023
1023
1020
858
644
467
310
180
87
0
0
0
0
0
0
0
0
0
0
0
0
0
0
0
2
14
35
69
114
155
196
262
320
326
326
344
372
397
426
472
514
533
557
604
684
746
816
905
996
1023
1023
1023
1023
1023
1023
1023
1023
1023
1023
1023
1023
1023
1023
1023
1023
1023
1023
1023
1023
1023
1023
1023
832
547
314
101
0
0
0
0
0
0
0
0
0
0
0
0
0
0
0
0
0
0
0
0
0
0
4
64
121
165
210
279
321
322
338
364
399
427
458
500
544
540
533
556
586
630
678
756
886
998
1023
1023
976
906
912
999
1023
1023
1023
1023
1023
1023
1023
1023
1023
1023
1023
1023
1023
1023
1023
1023
1023
1023
1023
1023
988
809
644
531
422
270
128
12
0
0
0
0
0
0
0
0
0
0
0
0
0
0
0
0
0
0
0
0
0
10
64
116
179
229
288
350
365
373
382
404
436
478
525
563
575
565
556
570
604
631
671
766
908
990
1023
1023
1023
1023
1023
1023
1023
1023
1023
1023
1023
1023
1023
1023
1023
1023
1023
1023
1023
1023
1023
1023
1023
1023
893
665
447
315
215
109
0
0
0
0
0
0
0
0
0
0
0
0
0
0
0
0
0
0
0
0
0
0
0
58
109
130
162
215
272
316
349
397
467
478
481
490
511
531
545
560
588
609
581
564
618
765
930
1023
1023
1023
1023
1023
1023
1023
1023
1023
1023
1023
1023
1023
1023
1023
1023
1023
1023
1023
1023
1023
1023
1023
1023
1023
893
703
521
313
131
3
0
0
0
0
0
0
0
0
0
0
0
0
0
0
0
0
0
0
0
0
0
0
25
84
125
182
257
293
305
332
368
405
440
479
523
565
564
553
556
577
607
630
657
698
723
701
689
716
796
890
975
1023
1023
1023
1023
1023
1023
1023
1023
1023
1023
1023
1023
1023
1023
1023
1023
1023
1023
1023
1023
1023
1023
1023
1023
1023
1023
921
762
566
367
154
0
0
0
0
0
0
0
0
0
0
0
0
0
0
0
0
0
0
0
0
0
0
0
0
9
44
83
127
179
232
275
320
373
404
383
373
383
413
434
455
485
532
538
513
499
503
521
554
588
636
704
704
670
666
716
797
926
1023
1023
1023
1023
1023
1023
1023
1023
1023
1023
1023
1023
1023
1023
1023
1023
1023
1023
1023
1023
1023
1023
1023
1023
1023
1023
1023
1023
1023
1023
1023
1023
1023
940
465
65
0
0
0
0
0
0
0
0
0
0
0
0
0
0
0
0
0
0
0
0
0
0
0
0
0
0
2
106
185
245
303
359
415
469
516
575
597
595
607
630
644
663
691
729
767
757
736
726
739
755
766
785
812
832
807
797
817
892
990
1023
1023
1023
1023
1023
1023
1023
1023
1023
1023
1023
1023
1023
1023
1023
1023
1023
1023
1023
1023
1023
1023
1023
1023
1023
1023
1023
1023
1023
1023
1023
981
770
539
296
121
2
0
0
0
0
0
0
0
0
0
0
0
0
0
0
0
0
0
0
0
0
0
0
0
0
69
167
249
253
253
284
338
371
394
420
469
499
505
511
521
548
572
591
629
669
656
641
635
652
670
672
688
719
702
695
751
895
1015
1023
1023
1023
1023
1023
1023
1023
1023
1023
1023
1023
1023
1023
1023
1023
1023
1023
1023
1023
1023
1023
1023
1023
1023
1023
1023
1010
792
525
266
70
0
0
0
0
0
0
0
0
0
0
0
0
0
0
0
0
0
0
0
0
0
0
0
0
35
130
194
217
236
259
298
332
370
424
467
470
481
509
543
565
585
617
663
668
664
669
700
748
828
963
1023
1023
1023
1023
1023
1023
1023
1023
1023
1023
1023
1023
1023
1023
1023
1023
1023
1023
1023
1023
1023
1023
1023
1023
1023
1023
1023
1023
889
696
572
476
363
217
105
24
0
0
0
0
0
0
0
0
0
0
0
0
0
0
0
0
0
0
0
0
0
0
0
0
0
0
0
0
0
0
0
0
0
0
15
28
62
118
172
235
293
351
413
421
430
463
503
547
587
612
635
669
643
637
670
712
730
724
730
753
760
740
727
719
721
716
709
720
749
735
713
706
709
710
705
709
734
745
721
706
707
722
720
721
736
756
727
705
708
750
816
882
963
1023
1023
1023
1023
1023
1023
1023
1023
1023
1023
1023
1023
1023
1023
1023
1023
1023
1023
1023
1023
1023
1023
1023
1023
1023
1023
1023
994
787
565
385
203
64
0
0
0
0
0
0
0
0
0
0
0
0
0
0
0
0
0
0
0
0
0
0
0
0
0
0
0
0
4
103
208
246
243
277
365
452
523
622
692
739
752
717
708
712
682
647
638
634
626
631
645
667
698
717
710
744
867
1010
1023
1023
1023
1023
1023
1023
1023
1023
1023
1023
1023
1023
1023
1023
1023
1023
1023
1023
1023
1023
1023
1023
1023
1023
1023
1023
1023
1013
518
95
0
0
0
0
0
0
0
0
0
0
0
0
0
0
0
0
0
0
0
0
0
0
24
155
268
344
412
410
409
435
481
527
550
587
610
591
602
621
655
669
685
746
783
757
749
757
764
772
780
794
808
789
785
767
739
725
727
748
756
716
697
704
714
711
725
785
810
801
849
927
1017
1023
1023
1023
1023
1023
1023
1023
1023
1023
1023
1023
1023
1023
1023
1023
1023
1023
1023
1023
1023
1023
1023
1023
1023
1023
1023
1023
915
739
577
492
426
305
146
0
0
0
0
0
0
0
0
0
0
0
0
0
0
0
0
0
0
0
0
0
0
0
0
0
0
59
136
150
130
100
72
102
188
293
390
492
564
637
654
675
729
787
832
870
915
967
1020
1018
984
963
964
971
1014
1023
1023
1023
1023
1023
1023
1023
1023
1023
1023
1023
1023
1023
1023
1023
1023
1023
1023
1023
1023
1023
1023
1023
1023
1023
1023
1023
1023
1023
1023
1023
1023
1023
1023
1023
1023
1023
1023
856
451
11
0
0
0
0
0
0
0
0
0
0
0
0
0
0
0
0
0
0
0
0
0
0
0
0
0
0
0
0
68
165
227
288
343
400
464
526
584
638
650
618
600
602
616
657
692
720
778
786
763
771
777
804
832
870
913
944
928
917
934
1005
1023
1023
1023
1023
1023
1023
1023
1023
1023
1023
1023
1023
1023
1023
1023
1023
1023
1023
1023
1023
1023
1023
1023
1023
1023
1023
1023
1023
1023
1023
1023
935
726
553
374
217
95
8
0
0
0
0
0
0
0
0
0
0
0
0
0
0
0
0
0
0
0
0
0
0
0
0
0
0
0
1
59
140
214
281
335
397
487
531
576
645
696
742
784
818
871
891
838
816
803
780
774
769
756
753
725
695
704
721
748
766
787
810
821
788
773
769
793
817
870
965
1023
1023
1023
1023
1023
1023
1023
1023
1023
1023
1023
1023
1023
1023
1023
1023
1023
1023
1023
1023
1023
1023
1023
1023
1023
1023
1023
1023
1023
1023
1023
1023
1023
886
694
556
465
308
101
0
0
0
0
0
0
0
0
0
0
0
0
0
0
0
0
0
0
0
0
0
0
0
0
0
0
0
0
2
79
193
288
369
442
503
579
625
664
745
823
879
897
907
932
946
900
860
844
841
846
849
852
857
802
746
717
721
730
744
793
904
1001
1023
1023
1023
1023
1019
1005
1023
1023
1023
1023
1023
1023
1023
1023
1023
1023
1023
1023
1023
1023
1023
1023
1023
1023
1023
1023
1023
1023
1023
1023
1023
1023
1023
1023
1023
1023
1023
1023
1000
821
622
413
226
127
19
0
0
0
0
0
0
0
0
0
0
0
0
0
0
0
0
0
0
0
0
0
0
0
0
0
0
0
0
0
29
125
161
205
294
397
475
530
575
619
607
597
607
627
657
696
757
810
820
788
771
772
784
788
792
801
782
744
727
742
772
782
798
830
815
782
759
762
790
810
854
956
1023
1023
1023
1023
1023
1023
1023
1023
1023
1023
1023
1023
1023
1023
1023
1023
1023
1023
1023
1023
1023
1023
1023
1023
1023
1023
1023
1023
1023
1023
1023
1023
1023
1023
1023
1023
787
486
266
74
0
0
0
0
0
0
0
0
0
0
0
0
0
0
0
0
0
0
0
0
0
0
0
0
0
0
0
0
0
0
72
164
238
308
393
457
469
492
525
577
635
688
741
789
793
788
798
834
876
939
1022
1023
1023
1023
1023
1023
1023
1023
1023
1023
1023
1023
1023
1023
1023
Keyboard Interrupt
