CHIP_ID(id=88)
1033.0265207747393
1034.6579874655843
1035.8700402942009
1036.785246745347
1037.5286089716335
1038.070093676596
1038.48703103253
1038.8490718548157
1039.1358957900302
1039.3735512006376
1039.6208152183565
1039.872550431792
1040.071619946806
1040.2306985541773
1040.3844348417485
1040.5091616073632
1040.5714481782243
1040.6273778726784
1040.6269027399778
1040.5209688371476
1040.3566909526905
1040.1658099835745
1040.0383473428194
1039.944091190891
1039.8659470317532
1039.7543689746328
1039.653529602228
1039.5568419767399
1039.456497645916
1039.3402866929641
1039.2170699211906
1039.1123935154592
1039.0154456313774
1038.923147835028
1038.840864710355
1038.7837135244815
1038.7435841922884
1038.7383652854915
1038.7358534656519
1038.7677829081915
1038.8439091180956
1038.9603292407417
1039.1084991287828
1039.2871964624576
1039.461991700952
1039.6477790996953
1039.809880343652
1039.9734544137268
1040.1218875414856
1040.262512216555
1040.3267236093113
1040.3421056522377
1040.3902085846967
1040.39362681811
1040.4202379335654
1040.4417217548435
1040.374818368632
1040.183388513233
1039.9824391123386
1039.814688220417
1039.644502728757
1039.5121665027325
1039.422795410122
1039.3405096850965
1039.2611555547
1039.1837600631766
1039.1180914999509
1039.0931787053987
1039.0489794361865
1039.0125892574858
1038.9725308858403
1038.9857039594476
1039.0462454969174
1039.1111786402125
1039.1876022595372
1039.284048867443
1039.4591153934923
1039.6346693775458
1039.8004562045942
1039.9589105583857
1040.0748760672566
1040.1661885315914
1040.2570146548192
1040.3358769882313
1040.3834869175223
1040.4105864997211
1040.4621024047337
1040.497748380631
1040.5231391320985
1040.5155673879694
1040.4130138097148
1040.2823780677973
1040.141000379568
1040.0069469822113
1039.9036595055234
1039.79792745069
1039.6604563704527
1039.5303206327078
1039.3965899057152
1039.2655954131917
1039.1316520842076
1038.9906170668528
1038.9092967519289
1038.8416607773306
1038.813331064099
1038.7654797380426
1038.7911143672222
1038.9324732985485
1039.1023867151007
1039.2462513831094
1039.417193884362
1039.6068470996963
1039.766240863169
1039.8995160844715
1040.0069195774875
1040.0891758135797
1040.1379864752446
1040.1648272887453
1040.1858059676008
1040.172610965489
1040.064439061949
1039.8864408587515
1039.7040513713405
1039.5165468199566
1039.3131761953166
1039.1155225178363
1038.9812591783532
1038.875707363508
1038.7789181929497
1038.6821516100429
1038.5927183141946
1038.5194160921808
1038.4700556129212
1038.4871165085672
1038.5488670446166
1038.6806954717322
1038.8384144377796
1039.015923498605
1039.1863474239362
1039.3238108680705
1039.4014512657193
1039.4761603304332
1039.5208388736862
1039.557469735518
1039.5804145592913
1039.597009026383
1039.588949249954
1039.4749134168928
1039.3345025308079
1039.193118928152
1039.036338755361
1038.8751812654634
1038.7276840424222
1038.5967930505253
1038.4678621636897
1038.346991762055
1038.2769128810965
1038.228568244757
1038.2239265221003
1038.182904891033
1038.0154004973044
1037.6825895089783
1037.2257499060472
1036.859988274799
1036.2764328342573
1035.3962476880881
1034.5449151535963
1033.9304165443232
1033.4929208541482
1033.1865361745565
1033.0192852535113
1032.961181710623
1033.0659097180035
1033.1220457098766
1033.135717224035
1033.144745296344
1033.1522889969692
1033.0924414747506
1033.0552933249885
1032.968620140891
1032.9109991959908
1032.9002622792752
1032.96590967053
1033.2725219857248
1033.7717726727285
1034.1196710118313
1034.2153461514501
1034.00194295533
1033.7452988913817
1033.3622884751699
1033.0189915344342
1032.8450102606896
1032.8277677924789
1033.0353563732224
1033.5363907042456
1033.7883749366301
1033.7795725750386
1033.8039811874125
1033.958525891479
1034.5652021393503
1035.2309928114657
1035.8145070956832
1036.2468954986064
1036.6043223479871
1036.8667836910824
1037.09458019576
1037.2966454316324
1037.4913413154773
1037.6408216965515
1037.7297277630896
1037.828262150674
1037.936100332829
1038.0256441103068
1038.0968920222565
1038.1359181578996
1038.1490722888784
1038.1583221506114
1038.1675720583826
1038.2544250304688
1038.358624418446
1038.4975148094707
1038.6266543213303
1038.715022782147
1038.7616462156805
1038.7916627267705
1038.842928749625
1038.8822295591424
1038.8712365019646
1038.8021096135778
1038.7080784571838
1038.5962317820258
1038.4751012419304
1038.3771811198544
1038.3178393587896
1038.2377508616798
1038.1542441213148
1038.086121943058
1038.037774537507
1037.9777137705491
1037.9090886230927
1037.8555953488712
1037.744139204356
1037.73035543374
1037.6965820309497
1037.672829565585
1037.6746138574001
1037.7448900776976
1037.8456829015302
1037.9740789985221
1038.0988249088257
1038.2272432247419
1038.3393070665838
1038.4401438699851
1038.5512380810326
1038.6410991742314
1038.7399939860893
1038.8271741412975
1038.9206912049533
1039.0139731565791
1039.1133567140498
1039.194673588627
1039.266220583478
1039.3448557384995
1039.3829504663695
1039.3726936764613
1039.3258017153908
1039.2107814308742
1039.0515520996469
1038.8683909759018
1038.713067580469
1038.5481182529045
1038.4052188971157
1038.277467417536
1038.1511896661543
1038.0332240231205
1037.9203861827607
1037.80657652843
1037.6755352914352
1037.5476646569043
1037.4726483441584
1037.445784661187
1037.4355683813044
1037.451477251757
1037.4983861895525
1037.5980305296819
1037.7115824809778
1037.85520093996
1037.9902538184228
1038.1179659690758
1038.2107208739396
1038.3127614329894
1038.3811023903636
1038.4453046726778
1038.4855762630384
1038.5285458938363
1038.5644271394453
1038.6027551885657
1038.6213076695929
1038.591996755578
1038.5175039676737
1038.3731767127617
1038.210532488633
1038.011325520204
1037.841902304924
1037.6800392586838
1037.518917233462
1037.402353166764
1037.2805676232163
1037.1697171351075
1037.0922093463787
1037.0088533674782
1036.9216126968313
1036.831205263063
1036.7393408440162
1036.660433875958
1036.5895880131934
1036.5146070610153
1036.4845543864453
1036.5160387769374
1036.5956399946656
1036.7218800603964
1036.8578921976446
1037.0100286925503
1037.1370101712303
1037.2327373776407
1037.3145364511654
1037.3873033476643
1037.4561661726186
1037.5074492805377
1037.5714368474664
1037.6197868282588
1037.6647180413902
1037.665436742133
1037.632218947411
1037.550883780478
1037.4246172382589
1037.3000601773538
1037.1703748290836
1037.0458395549965
1036.9264334391085
1036.8092227623317
1036.6985963875413
1036.5994510438163
1036.507628645612
1036.4265477799956
1036.3466914173011
1036.2814801004881
1036.2860989807723
1036.3696047960568
1036.4868142404318
1036.6377276494982
1036.8116036186184
1036.9901015389858
1037.1478559874013
1037.3185485707088
1037.4831431738257
1037.699509125982
1037.9090390988324
1038.0843806613736
1038.262656756043
1038.3757201519368
1038.4536214631828
1038.4582640681685
1038.4104139760989
1038.2768364229776
1038.0870800231269
1037.8785203615198
1037.6802191179183
1037.484599755186
1037.2899521685204
1037.0972680442756
1036.9104968421016
1036.7608060024324
1036.6321606337206
1036.5403848473184
1036.456417967181
1036.3631659624964
1036.2826199880221
1036.2594529331263
1036.3197888171678
1036.4106381436018
1036.5190659551308
1036.6394593953346
1036.761308621214
1036.8836216440152
1036.945159103836
1037.008869711337
1037.069415549146
1037.1106730380404
1037.1446077533537
1037.1807373985544
1037.2371270357426
1037.269585163509
1037.2722654461004
1037.2374220616764
1037.1732455745462
1037.0848856226773
1036.97552945911
1036.876806252721
1036.7819399097064
1036.668820332563
1036.5659321838962
1036.4716126342867
1036.3899971965018
1036.3345315556028
1036.3008032959674
1036.269038986615
1036.2619464440083
1036.294171172568
1036.3837779383352
1036.5009913513275
1036.609403808877
1036.7402946472123
1036.8492168235189
1036.9444409660716
1037.0221076637424
1037.063078876785
1037.137766734347
1037.2349323367841
1037.389251341193
1037.5432876941709
1037.7295611753202
1037.9024157039382
1038.0560018353806
1038.21153382622
1038.3226373816315
1038.3914887220005
1038.4366409823542
1038.4490769714962
1038.3977891721795
1038.2544178537373
1038.0788167624862
1037.8953877478657
1037.6882775909792
1037.5187784632983
1037.3546616806502
1037.1976374192068
1037.0755218814468
1036.9565718391657
1036.8615777407801
1036.7836792490264
1036.7111405675678
1036.6491132336557
1036.5777991775108
1036.546058123602
1036.522610181119
1036.5248046920738
1036.568257847626
1036.64858118699
1036.7594457735283
1036.8913107163
1037.0219524901722
1037.1464961555007
1037.2432022807793
1037.3269710760976
1037.4141592618853
1037.4759364221502
1037.5259998586234
1037.5636107670944
1037.6148984478502
1037.6632526221213
1037.7035445452977
1037.7060322819248
1037.6515984513608
1037.5315042127636
1037.385770050776
1037.2265956869026
1037.0742627753125
1036.931847184895
1036.803845334314
1036.6834197746707
1036.5549549453333
1036.4443244759298
1036.3378528474814
1036.2487310488273
1036.1788985798892
1036.1161592255971
1036.0663559285747
1036.0192318614857
1035.9656534820115
1035.9305987486193
1035.9199345580446
1036.0042275594096
1036.1041336044223
1036.2191683947551
1036.344919957572
1036.4721273836062
1036.6180466392702
1036.744682054327
1036.8496288405604
1036.964603095952
1037.0763921843331
1037.1283373845201
1037.2839574765765
1037.4161796676449
1037.555265947931
1037.6836345152935
1037.8042170571566
1037.9040731991768
1037.9819580983387
1038.0002592276483
1037.9731386253534
1037.89276702178
1037.7383955261175
1037.5671807432618
1037.3539650462164
1037.1593025935474
1037.005185546312
1036.8520391795028
1036.7247908360537
1036.6124439123437
1036.5240312583298
1036.4104602703671
1036.3027579710945
1036.2006695512346
1036.1147072926046
1036.0414522031167
1035.9965194921288
1035.9677128019046
1035.9457181624387
1035.9337514294887
1035.99139088529
1036.0922536522871
1036.2072779827656
1036.3271766739904
1036.4470763281697
1036.5511057201431
1036.6543963194242
1036.7530440974704
1036.870013337366
1036.9962708886078
1037.0968849094083
1037.1879807295406
1037.270043347188
1037.321817997551
1037.341594902605
1037.362596091303
1037.404113137089
1037.435857804665
1037.4507592503737
1037.4499994179987
1037.3923563438
1037.269999927428
1037.105642288937
1036.9112292654843
1036.747590486537
1036.5864016525409
1036.4327919902153
1036.3011532487485
1036.1795174398633
1036.097942213247
1036.0363973390697
1035.9655645451353
1035.8886337460922
1035.8347478797723
1035.7965844808073
1035.7725822251612
1035.770388135962
1035.8077672763404
1035.909365875466
1036.0248699524993
1036.1232798730698
1036.225109302677
1036.3083649007708
1036.4052973109808
1036.5053951169718
1036.621619413256
1036.77594024309
1036.929777878718
1037.0623633377625
1037.173718294178
1037.2721361182048
1037.3449103352211
1037.4025516216027
1037.4350132622044
1037.4415985170383
1037.3797988930396
1037.2596403395403
1037.095540181348
1036.9226401859855
1036.7480323274983
1036.587818249904
1036.4405660922912
1036.3274315517706
1036.2282269716497
1036.1529552341744
1036.0757435282874
1036.0009809383919
1035.9281566190962
1035.8460700322391
1035.7854673075433
1035.729791403627
1035.689501920999
1035.6914674223528
1035.7576563944276
1035.8560718620645
1035.9608415447024
1036.0575484436297
1036.1503518501463
1036.24389558826
1036.3335354183419
1036.422920506314
1036.5054674456242
1036.5982725025117
1036.7606881819072
1036.9130779083923
1037.0381143525897
1037.1287268226433
1037.2193395747
1037.2979848333803
1037.3609896626554
1037.398602825014
1037.3834475931956
1037.2977095059641
1037.1729023797593
1037.0058391499997
1036.849750739963
1036.6883026598794
1036.5405323907562
1036.3900831212632
1036.254766232011
1036.1509630989224
1036.0488698628483
1035.9548403326417
1035.8718091723922
1035.8073283455137
1035.768007214438
1035.7214721697128
1035.7043490322412
1035.7666077020924
1035.8598954461077
1035.9693104289133
1036.0796953147274
1036.1859215501138
1036.2682136409278
1036.3353744887509
1036.3969217075555
1036.4591840941016
1036.5060599523545
1036.5634488215826
1036.6350003195498
1036.717804304057
1036.789610812347
1036.8511593889805
1036.9129622750859
1036.9723620343377
1037.0121926216764
1037.0576372717776
1037.1079569242754
1037.1402092349585
1037.1485260723543
1037.1231348597166
1037.042385710259
1036.9269385943744
1036.7980253937012
1036.679602401816
1036.5696324877995
1036.4486878833443
1036.3255724045462
1036.205646056121
1036.0925581746642
1036.0041446655482
1035.9330826274097
1035.8649287708345
1035.7997093298366
1035.7328073656306
1035.6873896150596
1035.6820322848625
1035.7114589605224
1035.787983590755
1035.918444361651
1036.0745209932336
1036.2366456094107
1036.3974495262307
1036.5568290926162
1036.699141080994
1036.8434205696606
1036.9911227076766
1037.1427553631781
1037.2875737244856
1037.425808159158
1037.5501124363307
1037.6805183556367
1037.7757794891963
1037.842946044561
1037.9017968479636
1037.956742784924
1037.940616321352
1037.8333856974966
1037.6665664606915
1037.4535851188382
1037.2349912119266
1037.0706255411176
1036.9335936260122
1036.7889835642118
1036.6424334083097
1036.4912396863438
1036.3251694462092
1036.182296152305
1036.0325851728148
1035.9192627184875
1035.8279104585022
1035.7614898994611
1035.7238776372815
1035.7004271249616
1035.6867499549837
1035.707750254208
1035.7697822181665
1035.9121683612843
1036.030619959857
1036.1398096293588
1036.2550979409123
1036.3686515956847
1036.4502318334653
1036.5276530546505
1036.5962957525985
1036.6300047419147
1036.6463620971554
1036.6888501341318
1036.741596636201
1036.7826297948116
1036.8121800912463
1036.8282834169345
1036.8429314548102
1036.833412589161
1036.7740573892404
1036.6617010115392
1036.516375527694
1036.3683713136677
1036.2203423797132
1036.0820868518351
1035.953604860758
1035.816171600494
1035.7094048623612
1035.6050878770652
1035.510087871088
1035.4075660762144
1035.3028520246467
1035.2198802750813
1035.159134494003
1035.1071649208588
1035.1291618343644
1035.2276047776447
1035.3551102192498
1035.470648567692
1035.603510983509
1035.7414754799295
1035.8975866360756
1036.0707664785618
1036.2351431998875
1036.3860983550428
1036.5177383309453
1036.6149319550086
1036.6928114011362
1036.7455084543433
1036.782103475626
1036.797952025811
1036.7705736217456
1036.6982583076633
1036.5541363351554
1036.3980465090565
1036.233918673133
1036.1120222685036
1035.9964795629023
1035.8631267362275
1035.7578146536814
1035.6588557387988
1035.5643123370749
1035.4988328001955
1035.4275117270836
1035.3730306959897
1035.3300327763304
1035.2887444408045
1035.3434244942623
1035.425459762723
1035.528524760522
1035.6220728187952
1035.6909448019503
1035.7520091324127
1035.796945738709
1035.8186872027156
1035.8489771446202
1035.8563005405142
1035.8626547238136
1035.8731416742223
1035.9268559812572
1035.9774069248099
1036.0433455257753
1036.1373802476926
1036.233839258817
1036.3386181246374
1036.4231355555612
1036.48713608817
1036.5267152034655
1036.5423330065182
1036.549911843533
1036.5548109892316
1036.5719084636842
1036.6021989546466
1036.6346842014248
1036.6679091920705
1036.7008795191155
1036.7248160824645
1036.715527645486
1036.6713043504099
1036.6141426499928
1036.5149769984498
1036.4065229948296
1036.2861009977369
1036.1725181954857
1036.0709037192269
1035.9614811780818
1035.8654808914382
1035.7841275027886
1035.744547868867
1035.6918027490487
1035.6160909113846
1035.5372163287534
1035.529636687967
1035.5198629003114
1035.5030223163367
1035.494958234979
1035.5071541199336
1035.5359627032785
1035.5963151765975
1035.6503689050232
1035.7153373430112
1035.771556317333
1035.8305079627073
1035.8835887595199
1035.9117372628673
1035.9083714450046
1035.8446572583146
1035.726007401915
1035.5747380025612
1035.4030072006947
1035.2554671372593
1035.1391841744685
1035.0556404839438
1034.995804148833
1034.933290044086
1034.8424544587026
1034.7584578511141
1034.708653373486
1034.663236334498
1034.6175618392576
1034.5518564754518
1034.496892462421
1034.4683136934877
1034.4612175566137
1034.4844098205085
1034.5234722816945
1034.594533053507
1034.677694284927
1034.7372732904157
1034.79288763458
1034.829470019583
1034.8477306438176
1034.8711511395857
1034.8913791672576
1034.9047992305225
1034.9001236674694
1034.880091533044
1034.8217047752853
1034.7300923224411
1034.6214145130502
1034.506382554021
1034.393060824105
1034.2914489396248
1034.2120957453776
1034.1530003438693
1034.1112267125545
1034.1048718420946
1034.1256460780567
1034.211837347348
1034.3615449402719
1034.5378665084347
1034.7034477108084
1034.8751583954731
1034.9884826325317
1035.0651923062603
1035.1257732647305
1035.180226921174
1035.2493566025048
1035.352908268623
1035.477718197061
1035.6284028757389
1035.7864124947118
1035.9571326075397
1036.1051158396942
1036.1744767585944
1036.1803201029916
1036.1505133064654
1036.1092492087773
1036.0281488559694
1035.9328856892116
1035.8398170921232
1035.742588342265
1035.6441624337704
1035.5679639278007
1035.5584462599209
1035.5643164187445
1035.589962781051
1035.6490917334738
1035.7384837848965
1035.835199855303
1035.9289815050736
1036.032053102677
1036.1229009956703
1036.1944569361065
1036.2784927233242
1036.3754668490058
1036.4633818879704
1036.5315196600027
1036.5481329711904
1036.5058723025963
1036.4223207697958
1036.2985255628005
1036.135407225137
1035.9864544569236
1035.8392411619152
1035.7030022831832
1035.5706695859742
1035.4568318309741
1035.3723155153243
1035.2883128167969
1035.1981835832742
1035.1107326539004
1035.03208728585
1034.972763031811
1034.9495690460815
1034.9613098233815
1035.0004051648905
1035.1503717585183
1035.325727496367
1035.5020534766861
1035.65820454707
1035.8172334394303
1035.955005340312
1036.1005854722819
1036.2537190881112
1036.3953706269879
1036.5745634619066
1036.7391372084924
1036.8870776237882
1036.9798690480072
1037.0452809348133
1037.032780228313
1036.95752349201
1036.808488378155
1036.6301550533653
1036.4508519696099
1036.272034062629
1036.0883426167306
1035.9237158475048
1035.7634788304363
1035.6259542910166
1035.515558906089
1035.4234873545104
1035.3353202157198
1035.2464122871218
1035.2017013911636
1035.1672490187575
1035.2109616858488
1035.2817739739853
1035.3484554066617
1035.4463975261592
1035.543826968972
1035.6808394624354
1035.7961378228501
1035.9219239524139
1036.0416120294578
1036.1481066038782
1036.234083511696
1036.3024774396158
1036.3718412042745
1036.4422006192733
1036.4905615698526
1036.541372526818
1036.550891705408
1036.5144742827326
1036.4306908417163
1036.307836359007
1036.1720178358723
1036.0249713100536
1035.8955084279858
1035.7635953895435
1035.6465864887243
1035.5466759958729
1035.4462812855975
1035.3642103934258
1035.2970436804142
1035.2296201355455
1035.177584801789
1035.149970845013
1035.1358082460197
1035.1126124959164
1035.0457346347432
1035.092714598692
1035.155627632644
1035.2344439328542
1035.321098902984
1035.4204648480459
1035.517894565341
1035.5965172585154
1035.676137953526
1035.7528238782245
1035.8544171152769
1035.9621646644048
1036.0843578905071
1036.2202545005948
1036.3759003533658
1036.5043670685739
1036.5925135914704
1036.612036880615
1036.614716666173
1036.5814895381286
1036.4657047143376
1036.311615523169
1036.140686307473
1035.9983150983178
1035.8454310018656
1035.7098464104288
1035.578422058963
1035.4643520561256
1035.3647015553604
1035.2877625581502
1035.2332778074447
1035.1775972794917
1035.1302385823085
1035.0875252349056
1035.0528464385409
1035.0946213094917
1035.2030757312275
1035.3292289294932
1035.4487390215122
1035.5755141285154
1035.6973050124197
1035.8253982490442
1035.9532944445061
1036.079510978279
1036.2218590277434
1036.368880458285
1036.5146786617145
1036.6419248801294
1036.755493067223
1036.8258294289571
1036.8482886337013
1036.830449729307
1036.7454392015907
1036.5981323035774
1036.422752983174
1036.234921153709
1036.059060142874
1035.8834291816515
1035.7380918415483
1035.6130167747224
1035.5035870927322
1035.411740455228
1035.3347981608872
1035.2852132345104
1035.2607914546033
1035.2251123709045
1035.2041102771254
1035.1901745618911
1035.2074998854594
1035.2502156763194
1035.339354578517
1035.433623658127
1035.5198284890234
1035.6053217148612
1035.679074084698
1035.7626017149842
1035.8664201543936
1035.9875663940363
1036.11238915162
1036.2176629932196
1036.3422313561243
1036.4685105512633
1036.57110666201
1036.5989506216677
1036.5603621182738
1036.4565410285597
1036.3148726137615
1036.1416864438781
1035.9553068969954
1035.780413242691
1035.6343321712914
1035.5121897829813
1035.3959185050185
1035.2955207156197
1035.20415668396
1035.1345367079055
1035.0901110484542
1035.0632376444528
1035.0392997951546
1035.0085225892656
1034.9770037806486
1034.9357721516415
1034.9364113114796
1034.9927616423095
1035.0917017123784
1035.2026101672488
1035.3081323523866
1035.4031393185055
1035.5052137530079
1035.6134159609358
1035.6343571644463
1035.720701188139
1035.7816847555557
1035.836653585476
1035.9025396539482
1035.950359462959
1035.9933063397466
1035.9742152610147
1035.9272820438798
1035.8158871467933
1035.6851998206796
1035.5464481637039
1035.4133397259632
1035.2941379799968
1035.173968159447
1035.0926397851317
1035.0218278026698
1034.9292734741725
1034.8425907193578
1034.7635521174927
1034.7280688047153
1034.699876238162
1034.7027167017604
1034.716557649452
1034.7398735763163
1034.8718520602276
1035.0156078187977
1035.1835924380334
1035.3242229676093
1035.4709836700122
1035.6275213336637
1035.789703525428
1035.9403747927272
1036.0791061465318
1036.1956096545514
1036.255457137695
1036.2647206602048
1036.2107165298428
1036.12180000846
1035.9669374569487
1035.8010757187415
1035.628375325423
1035.4774201749321
1035.3203677642343
1035.2053219249033
1035.0800174772073
1034.9774259074934
1034.8877717624437
1034.8279269719164
1034.7846967672215
1034.7534355700357
1034.7258520433766
1034.6855578853442
1034.6823641796448
1034.791536152072
1034.9195172703521
1035.055307071917
1035.190129756317
1035.2961424578418
1035.3879921070782
1035.4947466449853
1035.5831768859505
1035.6838045698094
1035.788821755439
1035.9077754656619
1036.024535327791
1036.1061276057255
1036.156685254291
1036.171590033866
1036.1107727420438
1036.0274705609033
1035.8738332104142
1035.705035907172
1035.5474676159604
1035.3889310896118
1035.2648502321492
1035.1551906925743
1035.066277129918
1034.9993345893872
1034.9695561791048
1034.9258414120945
1034.8797378978459
1034.8386323656073
1034.8174042971834
1034.8492114837227
1034.9288614526888
1035.03318993601
1035.1340682279294
1035.2424975579868
1035.3323766750202
1035.4293231160063
1035.5258149635963
1035.6349882385373
1035.7402580302135
1035.833303173721
1035.9088485044108
1035.9570077999017
1035.990235498504
1036.0014638755101
1035.9838534771216
1035.9176538296933
1035.767928093514
1035.6156954991948
1035.456878880189
1035.3302617239233
1035.1861501058202
1035.0610743003424
1034.9462887053178
1034.8554414998089
1034.7763058223131
1034.7139788173915
1034.662846108372
1034.6329725660833
1034.6143900900431
1034.6221649976535
1034.6597496174907
1034.729854062678
1034.8143794960565
1034.917455930453
1035.0449553408514
1035.1597752530326
1035.289954309852
1035.4240386047998
1035.5464114695324
1035.6590099463187
1035.7457036070584
1035.8539146624053
1035.9560271753735
1036.01881091334
1036.063013802509
1036.026363920286
1035.9481903883673
1035.8003934720432
1035.6421095737671
1035.4703748590446
1035.3010921517243
1035.1572017375438
1035.030668268354
1034.9405273520676
1034.8674856212847
1034.821060474533
1034.795411986352
1034.784410673027
1034.782926814315
1034.7685056473765
1034.7570202952047
1034.754342451012
1034.7909923402292
1034.831803887415
1034.8774872280756
1034.9422372557026
1035.035313875527
1035.1579432919234
1035.2822830227851
1035.4068801589249
1035.5163155121782
1035.6176860103626
1035.714639515022
1035.7979142350441
1035.8601855238317
1035.911484551933
1035.9310350384405
1035.9220006263038
1035.8880576064264
1035.795491698717
1035.673116342224
1035.5226415785662
1035.3831684929478
1035.229275542975
1035.0980963702123
1034.978371696384
1034.8828431819425
1034.7996055058352
1034.7374035093198
1034.6733951201923
1034.6264226173566
1034.5996462594208
1034.6097429687916
1034.6300659340818
1034.7011653023565
1034.7961696844914
1034.903142907584
1035.0322522129284
1035.1721380545748
1035.314220916593
1035.4719523922195
1035.6514595833935
1035.8048362067127
1035.941600099544
1036.0019213104545
1036.0778416776695
1036.1281147948728
1036.081866771474
1035.9977709492327
1035.8484966783774
1035.6845741254392
1035.5130711172276
1035.3234319470605
1035.185075193465
1035.0553868103007
1034.9440947854641
1034.8411532172365
1034.7685027561788
1034.7207887622617
1034.6946246418486
1034.6963023823184
1034.7194987535581
1034.7973797998047
1034.8806492390668
1034.9707590609846
1035.081388811014
1035.2056991441893
1035.33149358653
1035.4336064208467
1035.5286228052953
1035.6082499681397
1035.68910303425
1035.76921539741
1035.8417473191978
1035.9255369325956
1035.9927113966885
1036.081860072092
1036.169811243984
1036.2631483484206
1036.3418090389675
1036.369654122406
1036.3554891807573
1036.2738931707026
1036.1302796400312
1035.962471784261
1035.788310160924
1035.6388016999708
1035.5046833483552
1035.3866963124683
1035.2858092262522
1035.181986792083
1035.095264001115
1035.0153811183188
1034.9413699736917
1034.8876203610341
1034.8368065839777
1034.7681516366856
1034.7122081407133
1034.657006786221
1034.6096456147739
1034.6008704248397
1034.6380044676814
1034.6739125379163
1034.6863658363911
1034.7041747364283
1034.7205318804977
1034.7503104023258
1034.8042860945604
1034.8763610775234
1034.9489200845705
1035.065679940192
1035.1638883665298
1035.2806491336025
1035.4035089627207
1035.4946214898578
1035.5910919125545
1035.692949746995
1035.76380032144
1035.8178074739492
1035.8271833767674
1035.8233354936704
1035.7789334544964
1035.6775913238876
1035.5598922927536
1035.4277744347385
1035.3027249060233
1035.1783267491408
1035.0476026014405
1034.9300729215145
1034.8138003871284
1034.7085295752286
1034.625487683249
1034.5439304454828
1034.4885055474206
1034.437726744091
1034.3872729656446
1034.347204760771
1034.3388809015614
1034.3811428061952
1034.4417290407139
1034.513283739429
1034.6117124238604
1034.6942690203066
1034.7682448624787
1034.835865983397
1034.886873034176
1034.9395592156343
1034.9851489134735
1035.0307705312223
1035.0702946338167
1035.1318219733687
1035.2285481010188
1035.3357917614248
1035.465492716985
1035.5920314707191
1035.664335435744
1035.6909542084072
1035.6765331214563
1035.6391408897318
1035.560481120778
1035.4503004406747
1035.3525741057774
1035.2426510820062
1035.125857793046
1035.0156777693796
1034.9135637360782
1034.8195157738678
1034.7386638080507
1034.6722338625484
1034.6133535068727
1034.5649911884075
1034.5185643365855
1034.4733635475372
1034.368113479101
1034.3906264466345
1034.4261424782585
1034.4651120264475
1034.5053413140013
1034.5458295292162
1034.576800855839
1034.6087729539577
1034.634647641726
1034.6644262488326
1034.6902372923314
1034.748794249472
1034.8699101759655
1034.9937372530665
1035.148829142841
1035.308568495274
1035.4512094857157
1035.5569728645523
1035.6532180141
1035.7186831737556
1035.768273839434
1035.796859779933
1035.8124779693055
1035.8186056161564
1035.8007643213705
1035.7575292259703
1035.689128389115
1035.5989819149813
1035.5088356299536
1035.4050094926408
1035.3004420880106
1035.1645686035106
1035.05236009874
1034.9585069388816
1034.8732347028288
1034.8036421549305
1034.7406641137736
1034.677977353951
1034.6238087936995
1034.5874820625218
1034.5560271863872
1034.5497368792844
1034.578546511023
1034.6840751539085
1034.8025412893992
1034.9383333811827
1035.0736426334447
1035.20308174655
1035.291740873876
1035.3830790567235
1035.4595127191544
1035.5293640377872
1035.601410095787
1035.662542355477
1035.7182586837453
1035.7531988514381
1035.7879109366431
1035.8396941627257
1035.885863090897
1035.9171269857668
1035.9002836282725
1035.8420603205604
1035.7291735031822
1035.5759881696533
1035.4389041638394
1035.3301474499299
1035.2421668735165
1035.1505391181747
1035.063556992835
1034.9782847462643
1034.888850537796
1034.814579839603
1034.759151056629
1034.7046905020823
1034.6343567650292
1034.589155934617
1034.5732825483087
1034.5596029857356
1034.5439550827093
1034.5686036891175
1034.6272260119554
1034.7031738673923
1034.7810903369175
1034.8619431165512
1034.9650259844484
1035.06420522684
1035.1484790039433
1035.2215247181805
1035.297506316879
1035.3556464380276
1035.3991080035296
1035.433792564684
1035.46041142605
1035.4814159753466
1035.5175834182053
1035.5241961307872
1035.5122260151572
1035.4575055492396
1035.360776454292
1035.238140513774
1035.1081808632853
1034.984062104578
1034.8748491085794
1034.7761540780357
1034.6808792350328
1034.5877984433653
1034.503526112513
1034.4295138734583
1034.3633092168575
1034.3249476655283
1034.309040452021
1034.3022345099882
1034.3198516163811
1034.3513732198362
1034.408544077165
1034.480136904794
1034.5925102079036
1034.732243291085
1034.8827207718987
1035.016099189256
1035.1418965639032
1035.2449805114497
1035.3583249669236
1035.4596998758639
1035.5593357166385
1035.6384814489556
1035.6951692980388
1035.743563572363
1035.7753418201871
1035.7782773982776
1035.7545936473614
1035.6698337631467
1035.5562610405511
1035.408232312458
1035.2553624733885
1035.1083358148949
1034.9576646845278
1034.8038021052819
1034.6689762112667
1034.5561546000156
1034.4650789868508
1034.398359922415
1034.3421585477884
1034.2942815097886
1034.2698593033708
1034.2500830991717
1034.2364040010768
1034.247664563307
1034.295541334357
1034.3568386962681
1034.4223648690268
1034.5676727774317
1034.7198220558212
1034.8824589309686
1035.01406164436
1035.1534749070895
1035.2699498868067
1035.3795865216614
1035.4652844066811
1035.5458829020126
1035.6069302630315
1035.6584590462112
1035.7121826058637
1035.7678732422285
1035.8057223896317
1035.7878806589574
1035.6835670064615
1035.5489571829949
1035.366466691549
1035.2037558449285
1035.0520474118266
1034.9098896224223
1034.7801870535045
1034.6590354097855
1034.558888281862
1034.461194061156
1034.3752116094613
1034.3002318248427
1034.2459967246216
1034.228638183949
1034.2872606849173
1034.3703067197655
1034.4699691637472
1034.5715674473533
1034.69613877388
1034.8072890192486
1034.9137936735526
1035.01736285808
1035.1372911628314
1035.2533161482786
1035.3585973822946
1035.4411641725003
1035.5242156134798
1035.5901667748567
1035.6602796254522
1035.7391997639022
1035.8046671150257
1035.7970856737659
1035.7079048794556
1035.5801337544647
1035.414030358539
1035.2476710974945
1035.077408774473
1034.9239900762354
1034.7778960597645
1034.6547748978464
1034.5463351458625
1034.4569313946272
1034.3777879463478
1034.3294245341863
1034.3013221924625
1034.279834964618
1034.265930315772
1034.2447021395578
1034.2344422974136
1034.2539946117715
1034.3209763245686
1034.4068006168384
1034.5121422178852
1034.6199023016463
1034.7224997979006
1034.799448157388
1034.8725563878747
1034.9529874665795
1035.044387830721
1035.1279487307045
1035.2041549902735
1035.274747484092
1035.3306618540505
1035.3821881277238
1035.4170393984866
1035.4365309938694
1035.4377268067346
1035.4242739006645
1035.3783306671803
1035.280345365477
1035.167453847553
1035.0435914260777
1034.9161149303122
1034.7947379666412
1034.6811374731117
1034.5824430525763
1034.491072536828
1034.4177692910916
1034.3559181969808
1034.2962602554521
1034.2534767766817
1034.2265665460711
1034.2201759639302
1034.2130769977405
1034.2111079897984
1034.253374193434
1034.3388741058961
1034.442216783615
1034.555819679831
1034.6728428221495
1034.782284005909
1034.8792714033266
1034.9830991534743
1035.0695690708449
1035.1389389663946
1035.2065991131424
1035.3196894866878
1035.4059341369398
1035.4919217505567
1035.5654548251302
1035.6218873106516
1035.6790611608274
1035.6482797616582
1035.5837812780978
1035.4662707217271
1035.3170109737878
1035.1660420903906
1035.025334373925
1034.8777873566091
1034.7473414417927
1034.624929504502
1034.493742187736
1034.3593602503154
1034.2315936069383
1034.1243473393533
1034.0244248824242
1033.9508953350844
1033.8915293325322
1033.9115656534477
1033.9855786416101
1034.1199254001544
1034.2794395054896
1034.4658311934281
1034.637092198713
1034.7760887802706
1034.9072779511666
1035.00839694936
1035.101224106411
1035.177692756091
1035.254903214265
1035.3391807845371
1035.3987760642367
1035.4537256811477
1035.5057397489106
1035.5748848735295
1035.5961177264794
1035.556528399863
1035.467346155996
1035.3518319305458
1035.2175393391472
1035.081570662341
1034.9389916114226
1034.8083535307032
1034.6935261240649
1034.5701489123314
1034.4697439449901
1034.3840201649
1034.3251726181832
1034.2941684473515
1034.2909734206632
1034.2936508014034
1034.2939096268556
1034.2939096268556
1034.3300775383884
1034.4546461409125
1034.5872816704532
1034.7211441222726
1034.860847315077
1034.9629317448787
1035.0589188604433
1035.1470982639723
1035.2233078792115
1035.3092328365733
1035.3812820177104
1035.4433284538127
1035.479496913068
1035.4892729691067
1035.495856112153
1035.485792963385
1035.4332348642015
1035.3281481875156
1035.2086695322175
1035.0693804238963
1034.9284126435446
1034.8033197711748
1034.6743230565712
1034.5675573283786
1034.480828572364
1034.4192669031675
1034.3557364480314
1034.305886278749
1034.276815562355
1034.267038991882
1034.2575214432482
1034.253134026367
1034.252650357165
1034.2736544817687
1034.3225030093317
1034.3982287469273
1034.4846988673487
1034.5635867590368
1034.6427336408562
1034.7328835110861
1034.8460067225078
1034.9529997598047
1035.0546368972773
1035.1384314047252
1035.206124570171
1035.2619085855208
1035.3302813201576
1035.3793593119565
1035.4265005730297
1035.465091462529
1035.4770622188362
1035.4628970641488
1035.4081737007375
1035.3128922757692
1035.1887659860981
1035.06073533029
1034.9429652478932
1034.818613043427
1034.7086841257908
1034.608757614031
1034.5188664971354
1034.4319121881338
1034.3459258239016
1034.281427693557
1034.2298672591364
1034.2274144726646
1034.2530651999004
1034.324887356408
1034.4101313341548
1034.5195754445967
1034.6512509353033
1034.782927021619
1034.9128936129487
1035.0164673400677
1035.1158795355857
1035.217744374382
1035.29182530335
1035.3569316887208
1035.4256530378946
1035.4879273830031
1035.54849206508
1035.6088001662838
1035.6505545344519
1035.629064453769
1035.5662748730902
1035.465121625002
1035.3483507049095
1035.2139953454819
1035.0735424595314
1034.9369949487555
1034.8068694713052
1034.6882329637542
1034.5959582274454
1034.5168810080652
1034.4553885183689
1034.4173189993119
1034.4056414351376
1034.392254006606
1034.3695746155045
1034.3687650438605
1034.3809261666272
1034.4841661269406
1034.6001204978265
1034.7292733811453
1034.8444903601014
1034.9450612324406
1035.0253709177
1035.099099258948
1035.1637938753777
1035.2451062312286
1035.335485099162
1035.4158610716856
1035.4813303559702
1035.522146480203
1035.5583164303632
1035.5707717022378
1035.5988454963817
1035.6156898472107
1035.569258873914
1035.4781371165104
1035.3730772669346
1035.2726637870103
1035.1847055539554
1035.096747410026
1035.0065951910578
1034.9088928377705
1034.8043508013548
1034.7141996593723
1034.6299213523373
1034.5644542774885
1034.505827727742
1034.475530106735
1034.4611069490632
1034.4505876890587
1034.4547165854422
1034.4901108960426
1034.5914903333028
1034.704357076071
1034.8006070793833
1034.8839187050833
1034.9591639075015
1035.0033690779312
1035.041959989258
1035.0607714204755
1035.0725161543921
1035.0815508784297
1035.0839712938073
1035.0905539528424
1035.0942004366025
1035.1164322686323
1035.1748035043813
1035.2197515470004
1035.2427253585704
1035.2424988573175
1035.218072642416
1035.153571290143
1035.0597397182578
1034.9659080684855
1034.8647518285818
1034.7702106212073
1034.674702074069
1034.5857759321548
1034.50149661175
1034.4304147076452
1034.3700774206159
1034.3158379767592
1034.141114171987
1034.1490630159474
1034.14153359631
1034.1212388845838
1034.1462665222507
1034.197462455375
1034.262251443879
1034.3355558318563
1034.4146989112344
1034.4838409056058
1034.5597898009173
1034.6325776167478
1034.6972342742374
1034.769248631127
1034.8314875662395
1034.8929852445253
1034.9525477035907
1035.0189511922392
1035.0944215824004
1035.1501130431154
1035.2023845021643
1035.228036139474
1035.2297462494316
1035.1975118334963
1035.1330120118284
1035.0391826950631
1034.9148296294886
1034.792929262803
1034.6754174459854
1034.5671987798278
1034.4718849281505
1034.3853458149135
1034.3100680974414
1034.242597660067
1034.200553644473
1034.1883238236164
1034.1921927967337
1034.2004840530897
1034.2312658327173
1034.3030901117647
1034.4271853420096
1034.559831957085
1034.6963835807169
1034.8295159606514
1034.9382231976003
1035.0308295331417
1035.1119488762095
1035.1889060634153
1035.2399532728996
1035.2876114449518
1035.32352497253
1035.3454996413395
1035.3359803648748
1035.2915159628162
1035.1957467121233
1035.084812521044
1034.9680379065987
1034.8583301482818
1034.7591417533768
1034.6516282943915
1034.5746721452433
1034.5021040111733
1034.432956170677
1034.3977861568792
1034.3841051545364
1034.3677466198328
1034.3438049184433
1034.3249935954511
1034.3027620475873
1034.2959215747373
1034.3240262246852
1034.3680056175256
1034.4337328773956
1034.5184965399376
1034.6013253021256
1034.6897684126243
1034.7672085502104
1034.8402607741891
1034.893017099103
1034.942353360494
1034.9809448598537
1035.0288293779254
1035.1092071389005
1035.2008144250422
1035.2904854570445
1035.3498575420754
1035.376766996252
1035.370668021509
1035.3398849147268
1035.2646374574026
1035.163964070459
1035.0472209417605
1034.9177660707894
1034.798798893395
1034.6800909370313
1034.5736134419958
1034.468847245334
1034.3833768360294
1034.317944408573
Keyboard Interrupt
