568
82
0
7
58
182
356
486
508
642
713
701
664
776
924
913
806
696
707
923
1023
1023
1023
1023
1023
1023
1023
1023
1023
1023
1023
1023
1023
1023
1023
1023
1023
1023
1023
1023
1023
1023
936
819
635
413
172
4
0
0
0
0
0
0
0
0
0
0
0
0
0
0
0
0
0
0
0
0
0
0
0
0
0
0
0
0
0
0
20
128
225
280
311
339
382
450
572
990
1023
1023
1023
1023
1023
1023
1023
1023
1023
1023
1023
1023
1023
1023
1023
1023
1023
1023
1023
1023
1023
1023
1023
1023
1023
1023
1023
1023
1023
1023
1023
970
782
666
509
103
0
0
0
0
0
0
0
0
0
0
0
0
0
0
0
0
0
0
0
0
0
2
95
195
295
380
451
517
597
655
692
707
742
805
851
857
886
918
926
938
1023
1023
1023
1023
1023
1023
1023
1023
1023
1023
1023
1023
1023
1023
1023
1023
1023
1023
1023
1023
1023
1023
1023
1023
1023
1023
1023
1023
1023
1023
918
460
44
0
0
0
0
0
0
0
0
0
0
0
0
0
0
0
0
0
0
0
0
32
184
288
423
891
1023
1023
1023
1023
1023
1023
1023
1023
1023
1023
1023
1023
1023
1023
1023
1023
1023
1023
1023
1023
1023
1023
732
475
689
994
1023
1023
1023
1019
943
869
779
729
698
524
87
0
0
0
0
0
0
0
0
0
0
0
0
0
0
0
0
102
882
1023
1023
1023
1023
1023
1023
1023
1023
1023
1023
1023
1023
1023
1023
1023
1023
1023
1023
1023
1023
1023
679
281
17
0
0
0
0
0
0
0
0
0
0
0
0
0
0
0
0
0
0
91
184
273
368
450
513
569
629
760
1023
1023
1023
1023
1023
1023
1023
1023
1023
1023
1023
1023
1023
1023
1023
1023
1023
1023
1023
1023
1023
1023
1023
1023
1023
1006
591
220
0
0
0
0
0
0
0
0
0
0
0
0
0
0
0
0
0
0
0
0
151
511
950
1023
1023
1023
1023
1023
1023
1023
1023
1023
1023
1023
1023
1023
1023
1023
1023
1023
1023
842
520
299
186
80
2
0
0
0
0
0
0
0
0
0
0
0
0
0
0
25
130
230
318
365
430
577
949
1023
1023
1023
1023
1023
1023
1023
1023
1023
1023
1023
1023
1023
1023
1023
1023
1023
1023
1023
1023
1023
1023
1023
968
674
389
111
0
0
0
0
0
0
0
0
0
0
0
0
47
96
144
165
165
358
875
1023
1023
1023
1023
1023
1023
1023
1023
1023
992
940
911
843
756
732
758
779
836
933
1021
1023
966
728
422
80
0
0
0
0
0
0
0
0
0
0
0
0
0
0
13
69
129
183
208
213
245
335
416
448
462
470
530
584
723
968
1023
1023
1023
1023
1023
1023
1023
1023
1023
1023
1023
1014
870
609
295
63
0
0
0
0
0
0
40
246
449
604
755
879
980
1023
1023
1023
1023
996
921
824
630
254
0
0
0
0
0
0
0
0
0
0
0
0
0
0
0
19
163
309
530
1023
1023
1023
1023
1023
1023
1023
1023
1023
1023
1023
1023
1023
1023
1023
1023
1023
1021
745
456
305
205
130
137
170
157
134
164
266
333
490
645
731
756
767
976
1023
1023
1023
1023
1023
1023
1023
1023
1023
884
689
442
141
0
0
0
0
0
0
0
0
0
0
18
135
295
551
856
1023
1023
1023
1023
1023
1023
1023
1023
1023
1023
988
504
158
0
0
0
0
0
0
0
0
0
0
0
4
96
164
221
279
279
263
338
556
870
1023
1023
1023
1023
1023
1023
1023
1023
1023
1006
831
596
398
204
6
0
0
0
0
0
0
0
0
5
81
146
255
533
817
1017
1023
1023
1023
1023
1023
1023
1023
1023
974
853
742
559
355
209
75
0
0
0
0
0
0
0
0
0
0
0
0
0
94
344
705
960
1023
1023
1023
1023
1023
1023
1023
1023
1023
1023
966
903
846
692
536
358
120
0
0
0
0
0
0
0
0
0
0
0
0
0
0
0
0
0
0
0
0
0
114
325
409
600
1023
1023
1023
1023
1023
1023
1023
1023
1023
1023
1023
1023
1023
1023
1023
1023
1023
1023
1023
1023
1023
1023
1023
1023
1023
1023
1023
1023
981
734
485
305
93
0
0
0
0
0
0
0
0
0
0
0
0
0
0
7
585
1023
1023
1023
1023
1023
1023
1023
1023
1023
1023
1023
1023
1023
1023
1023
1023
1023
1023
1023
1023
990
907
870
844
774
739
785
798
746
614
389
102
0
0
0
0
0
0
0
0
0
0
0
0
0
0
0
0
0
0
0
0
88
326
927
1023
1023
1023
1023
1023
1023
1023
1023
1023
1023
1023
1023
1023
1023
1023
1023
1023
1023
1023
1023
1023
1023
1023
1023
1023
908
601
256
27
0
0
0
0
0
0
0
0
0
0
0
0
0
0
15
36
4
0
48
204
469
761
1023
1023
1023
1023
1023
1023
1023
1023
1023
1023
1023
1023
1023
1023
1023
1023
1023
1023
1023
1023
1023
1023
1023
1023
1023
1007
887
704
522
265
0
0
0
0
0
0
0
0
0
0
0
0
0
0
0
0
0
0
0
0
0
0
0
38
106
323
969
1023
1023
1023
1023
1023
1023
1023
1023
1023
1023
1023
1023
1023
1023
1023
1023
1023
1023
1023
1023
1023
1023
1023
1023
993
892
770
501
218
106
37
0
0
0
0
0
0
0
0
0
0
10
40
96
219
310
345
523
979
1023
1023
1023
1023
1023
1023
1023
1023
1023
1023
1017
1008
997
991
978
917
789
650
581
511
434
384
391
399
355
310
322
304
314
391
465
511
538
484
306
62
0
0
0
0
0
0
0
0
0
0
0
0
0
28
73
110
164
198
204
301
694
940
998
1023
1023
1023
1023
1023
1023
1023
1023
1023
1023
1023
1007
949
870
703
415
65
0
0
0
0
0
0
0
0
26
76
192
282
312
538
769
963
1023
1023
1023
1023
1023
1023
964
847
753
708
643
562
528
437
174
0
0
0
0
0
0
0
0
0
0
767
1023
1023
1023
1023
1023
1023
1023
1023
1023
1023
1023
1023
1023
1023
1023
1023
991
756
356
29
0
0
0
0
0
0
0
0
0
0
0
0
0
0
267
1023
1023
1023
1023
1023
1023
1023
1023
1023
1023
1023
1023
1023
1023
1023
850
390
25
0
0
0
0
0
0
0
12
78
112
202
318
447
827
1023
1023
1023
1023
1023
1023
1023
1023
1023
1023
1023
1023
1023
1023
1020
995
905
743
526
353
198
0
0
0
0
0
0
0
0
0
0
90
195
238
318
392
394
402
469
636
883
1023
1023
1023
1023
1023
1023
1023
1023
1023
1023
1023
1023
1021
868
648
434
281
132
5
0
0
0
0
0
0
0
0
0
0
0
28
175
450
712
947
1023
1023
1023
1023
1023
1023
1023
1023
1023
1023
1023
989
866
695
602
564
513
405
333
319
263
221
197
102
28
0
27
64
84
123
172
183
174
192
246
279
291
324
334
269
195
118
35
0
0
0
0
0
0
0
0
0
0
55
96
121
177
279
351
394
431
460
443
423
477
571
733
923
1023
1023
1023
1023
1023
1023
1023
1023
1023
1023
1023
1023
1023
966
775
613
388
46
0
0
0
0
0
0
0
0
0
0
0
0
0
0
0
0
0
0
50
187
383
596
829
1008
1023
1023
1023
1023
1023
1023
1023
1023
1023
1023
1023
1023
1023
977
755
493
229
12
0
0
0
0
0
0
0
0
0
0
0
0
0
0
0
7
57
114
90
14
0
0
0
71
908
1023
1023
1023
1023
1023
1023
1023
1023
1023
1023
1023
1023
1023
1023
1023
935
575
152
0
0
0
0
0
0
0
0
0
0
0
0
0
0
0
0
0
69
163
247
316
370
401
457
560
875
1023
1023
1023
1023
1023
1023
1023
1023
1023
1023
1023
1023
1023
1023
1023
1023
1023
1023
1023
1023
1023
1023
1023
1023
1023
1023
1023
604
0
0
0
0
0
0
0
0
0
0
0
0
0
0
0
0
0
50
172
347
781
1023
1023
1023
1023
1023
1023
1023
1023
1023
1023
1023
1023
1023
1023
1023
1023
1023
1023
1023
1023
1023
1023
1023
1023
1023
1023
1023
1023
1004
693
342
129
0
0
0
0
0
0
0
0
0
0
0
0
0
0
0
0
0
0
0
0
0
47
143
231
323
412
473
537
594
645
677
703
752
799
817
866
1021
1023
1023
1023
1023
1023
1023
1023
1023
1023
1023
1023
1023
1023
1023
1023
1023
1023
1023
1023
1023
1023
981
742
534
369
147
0
0
0
0
0
0
0
0
0
0
0
0
0
0
0
79
192
289
357
411
472
532
566
594
770
1023
1023
1023
1023
1023
1023
1023
1023
1023
1023
1023
1023
1023
1023
1023
1023
1023
1023
1023
1023
1023
1023
1023
1023
1023
1023
865
523
219
9
0
0
0
0
0
0
0
0
0
0
0
0
0
0
0
0
0
0
93
204
286
349
423
503
567
618
693
941
1023
1023
1023
1023
1023
1023
1023
1023
1023
1023
1023
1023
1023
1023
1023
1023
1023
1023
1023
954
335
0
0
0
0
0
0
0
0
0
0
0
0
0
0
0
12
85
144
207
279
347
414
479
535
588
627
675
717
757
800
819
827
940
1023
1023
1023
1023
1023
1023
1023
1023
1023
1023
1023
1023
1023
1023
1023
1023
1023
1023
1023
1023
1023
1023
1023
1023
1023
1023
1023
1023
1023
822
428
111
0
0
0
0
0
0
0
0
0
0
0
0
0
0
0
0
0
0
0
70
175
241
400
971
1023
1023
1023
1023
1023
Keyboard Interrupt
