CHIP_ID(id=88)
1035.5144341351586
1035.7273585431758
1035.8820291123673
1036.0112337433573
1036.1405167372623
1036.2572603918843
1036.3502584776043
1036.4114672982748
1036.502050042056
1036.5933796693148
1036.7084631746259
1036.8081715601684
1036.9206142448938
1037.0340623870893
1037.139952113767
1037.2573138424195
1037.3512180555044
1037.4605375974254
1037.6045972950994
1037.7396108304386
1037.8582419694505
1037.9533809947438
1038.0277410473839
1038.0910822675569
1038.1896495474032
1038.3024053979984
1038.387530197812
1038.4574682437833
1038.4975760327425
1038.5129620309992
1038.5303182277182
1038.552327806648
1038.571139769626
1038.6146741518648
1038.6525849901793
1038.7076246307772
1038.7749116130599
1038.8703186685284
1038.9584176089465
1039.0152270537087
1039.0771746099172
1039.1503698423842
1039.2331000745132
1039.315830032359
1039.380919071514
1039.4305923834877
1039.4809812839435
1039.548013692302
1039.6060474856035
1039.6985180469712
1039.7941848939686
1039.868300957956
1039.9456128992497
1039.9752185065988
1039.9380201060176
1039.8726738098171
1039.758879920605
1039.6247869917943
1039.4762500630832
1039.3232901217136
1039.1632493543375
1038.9794854703641
1038.8123662554895
1038.6550112183738
1038.4845274504096
1038.318670553622
1038.1596673975903
1038.0057427377196
1037.872018492904
1037.7527366603456
1037.6741079260073
1037.7053588257495
1037.9321356467
1038.5719853806354
1039.211854850337
1039.7908171703048
1040.2388867815753
1040.5058665155782
1040.681802703386
1040.8205613796715
1040.9370506554335
1041.048633840878
1041.1756151763134
1041.29379961559
1041.4269169014499
1041.5578357215957
1041.6731034628415
1041.7452900208807
1041.8676458250109
1041.9577047310956
1041.9936815183328
1041.9799760703356
1041.899456693599
1041.729113186881
1041.537725743824
1041.3556450577025
1041.167686154128
1040.9733621764037
1040.786377875291
1040.6103908134944
1040.4099337507203
1040.2138990329177
1040.0274025039455
1039.8347955539625
1039.6174910816967
1039.4094690347047
1039.1989929371007
1038.9716440904958
1038.7342466237405
1038.5093261301718
1038.2809800038037
1038.0484968475985
1037.801826704836
1037.5854740118577
1037.3894519721962
1037.1919775161116
1037.0314803450017
1036.9188754354573
1036.857694097413
1036.8156152287568
1036.7632227004485
1036.7274751014213
1036.6885619009936
1036.6604104574983
1036.648643687161
1036.6395948648312
1036.6442494940802
1036.687817345386
1036.7832574199863
1036.93422048944
1037.1468515810236
1037.3930007940942
1037.6866329765207
1037.9836956188901
1038.2660883860929
1038.5029748388479
1038.678192789212
1038.8328549743894
1039.0056197958
1039.1695919134959
1039.3012446388202
1039.445146565397
1039.6066661922728
1039.7674712237804
1039.918739099107
1040.072205906953
1040.2401191139024
1040.390159564789
1040.5502011553367
1040.720269073463
1040.873207277696
1040.953727890891
1041.0293415018743
1041.0765711949214
1041.1189152561685
1041.1536661622838
1041.2089758710272
1041.259632565943
1041.3222821106522
1041.3878921749308
1041.4749939637709
1041.5515639877012
1041.6061156715086
1041.6582148077428
1041.6704219012224
1041.6478761699311
1041.584210648708
1041.465485351685
1041.289734152539
1041.0885377123702
1040.8797484537974
1040.676354356616
1040.4592553721764
1040.2592903040436
1040.033883426579
1039.8035950261876
1039.5870151911572
1039.3873133332697
1039.2081431570375
1039.0370537016438
1038.8578839910886
1038.6650091807792
1038.4978320195028
1038.3345975842328
1038.1657399048786
1038.0105561073913
1037.8509766052207
1037.6867428160167
1037.5251915667036
1037.3665819526607
1037.224878830011
1037.1135275631852
1037.0371470274852
1037.030778981671
1037.0540178767262
1037.1080926418792
1037.1949765315
1037.3082664691199
1037.4523935685966
1037.6356987901352
1037.8111498794292
1038.0005669414945
1038.161346488393
1038.3111365648033
1038.4521031097245
1038.5982100862984
1038.7526263984282
1038.9053309062756
1039.037249784101
1039.1867871261506
1039.346119412898
1039.5034827976713
1039.6845771578194
1039.8228676349274
1039.9256392106738
1039.9961147037238
1040.02572682811
1040.0384359732232
1040.099143680917
1040.175246106254
1040.2582024425185
1040.3389600633598
1040.4133996241192
1040.4895279306108
1040.5074745020067
1040.508008466713
1040.4791611621213
1040.4099120730468
1040.2955581887593
1040.1288571835648
1039.940113263618
1039.7425726563968
1039.5235290347503
1039.299091114727
1039.0863905142344
1038.8749188100207
1038.6627052928702
1038.462970069932
1038.2744844052438
1038.0984759749708
1037.9246982095838
1037.7597126484432
1037.6069446055187
1037.4727960847094
1037.3697095940306
1037.2482971067714
1037.144500924523
1037.039475696262
1036.9354553427206
1036.8326642433185
1036.7822371703362
1036.764099808478
1036.7890527370996
1036.8299086432394
1036.8959784637807
1036.9733328605769
1037.0702408265126
1037.1742264184354
1037.2770196923225
1037.3937438595972
1037.537396328002
1037.6925580955053
1037.834758720086
1037.9806124232489
1038.1286655694773
1038.2874849411849
1038.4573293022847
1038.6438235207281
1038.822723171263
1038.987432627377
1039.1394366014745
1039.3009789912874
1039.4377645066666
1039.576778685955
1039.6751850969022
1039.7420081459254
1039.783872126954
1039.8330754632275
1039.8690572275127
1039.9128376985923
1039.9363134609923
1039.9306608727252
1039.8863409957796
1039.7778816679704
1039.6268427792572
1039.418775695276
1039.1950317170326
1038.982569207627
1038.7710785783754
1038.5605591761264
1038.3762260105248
1038.2136820041824
1038.0567631353558
1037.892280694288
1037.743219284649
1037.6054077841334
1037.4840208148782
1037.371201306706
1037.2571177124935
1037.1557355313123
1037.0727515508727
1037.004442655242
1036.9422420249475
1036.8976585294483
1036.8619021928346
1036.8484189644573
1036.8674889199192
1036.8921831451826
1036.9342716309461
1036.9797869460856
1037.0463468679127
1037.1070589416472
1037.1548089025337
1037.2184632602734
1037.3065889257994
1037.408646009524
1037.5150994065657
1037.6401759305018
1037.7596281963522
1037.88221436293
1038.0092319861844
1038.1582662432752
1038.3325189980114
1038.480360438203
1038.6343133071773
1038.7645368518095
1038.8947609788243
1039.0264415082895
1039.1436721914927
1039.2582196237802
1039.375223981623
1039.498340526817
1039.5751924858225
1039.6001531061138
1039.5974684431117
1039.5712798675074
1039.4858603307664
1039.3693408050474
1039.2256335416646
1039.0373752127302
1038.809706905595
1038.5950039655136
1038.4082019745251
1038.2427053683411
1038.0774345000643
1037.9173375760279
1037.7775431473008
1037.6308948438773
1037.4720279583482
1037.3016157816069
1037.1248704592392
1036.9747956002516
1036.8714676129039
1036.797044759352
1036.7475781507528
1036.728246312972
1036.7304438203034
1036.7620308719922
1036.8009557382147
1036.8594356860654
1036.9208586993202
1037.0038118952045
1037.0929117578648
1037.1864074407044
1037.3063504982067
1037.417726636888
1037.5205001171807
1037.6235345717569
1037.724371699538
1037.8470006088785
1037.9657185135684
1038.0886080992464
1038.2048696716386
1038.3005694068975
1038.4016692083205
1038.5091063610344
1038.6248858755637
1038.750947604304
1038.8730667125117
1038.9704842151725
1039.028231232771
1039.048278916735
1039.0460495185432
1039.017145116527
1038.9497974688663
1038.8401251747246
1038.702291904075
1038.5468378928651
1038.376931929883
1038.1948056438987
1037.9977431571058
1037.8116728970467
1037.6491083238207
1037.4938826987607
1037.3462927063451
1037.2119280545826
1037.0922413776373
1036.9845124384085
1036.9024863278494
1036.8329388886652
1036.799375314543
1036.7932280904354
1036.8073819833567
1036.830664574863
1036.8644129430352
1036.8993909509604
1036.9348533131838
1036.9825719042917
1037.0528280343863
1037.1321364377366
1037.2209816139105
1037.3316196127619
1037.4441958820025
1037.5636276850146
1037.6549337545534
1037.7672882676557
1037.883070704318
1038.00108660695
1038.1193278806427
1038.2326542656365
1038.3361844056024
1038.4429167788255
1038.5714425125832
1038.6598425642069
1038.71687915567
1038.7447832063388
1038.7501508754608
1038.7388666776794
1038.7065329897268
1038.6277030491751
1038.5099434864312
1038.3735596389167
1038.2161268133607
1038.044984846694
1037.8714550889638
1037.7030330819352
1037.55931172311
1037.4339560574301
1037.3193666534362
1037.2152824829557
1037.1283341337512
1037.052896563016
1036.9808859094032
1036.9037340038658
1036.8278113086524
1036.7756567248182
1036.7450337962218
1036.735236002959
1036.73888573829
1036.744772244159
1036.7660814805631
1036.776363313693
1036.79960874372
1036.8412202635045
1036.8786591291991
1036.9293232723005
1036.997347162257
1037.0785967922047
1037.1564196760173
1037.2406136294705
1037.3610194902776
1037.4760617611892
1037.5933031132256
1037.715946907377
1037.83196103876
1037.9614615755752
1038.1049326919454
1038.2569732279253
1038.4043244331851
1038.5541351032434
1038.666243433633
1038.739419923499
1038.7913196069164
1038.836364126313
1038.8630417296329
1038.8818938651596
1038.8904630217066
1038.8752970636945
1038.8307054644467
1038.7290720836534
1038.5955580671693
1038.4747822600816
1038.321701974601
1038.1563986986744
1037.987182611332
1037.8118556540992
1037.6377580177402
1037.4800902227723
1037.3280488832427
1037.1919162579934
1037.074896549086
1036.9637254877468
1036.876546874561
1036.7896298451083
1036.726221369684
1036.6855755917343
1036.6566641204302
1036.6524908018482
1036.6554343331418
1036.666946567447
1036.685535892643
1036.7082985675997
1036.7628768041136
1036.844352215801
1036.9304857897998
1037.0225071596299
1037.1196707466245
1037.209011525103
1037.2944410213072
1037.3717862168946
1037.4464493904832
1037.5316196391805
1037.6356429743184
1037.7487935166296
1037.8638819358257
1037.993650598671
1038.1219656262808
1038.25199457335
1038.4035258786844
1038.550401934964
1038.6830833238284
1038.7663211359536
1038.8064525186674
1038.8064525186674
1038.787114344257
1038.7444924764914
1038.6455370152178
1038.5159897244332
1038.3592792070524
1038.1787995268783
1037.9995491542861
1037.8264457910152
1037.693023197191
1037.5605704016104
1037.4281183394285
1037.2978651266674
1037.1791252228825
1037.0547602665506
1036.9350143737213
1036.8341206278606
1036.7689553838711
1036.7153027006948
1036.6775582582193
1036.6586658554322
1036.6500564044777
1036.6434228299681
1036.6509839887774
1036.6446124787242
1036.6355592804548
1036.6463263361832
1036.6524357500073
1036.6624568237016
1036.6715100677961
1036.6984078249207
1036.7375648895325
1036.7794039623832
1036.832534363293
1036.8832051524137
1036.9644645788137
1037.03886899114
1037.1127898021844
1037.2043345190575
1037.293681791891
1037.3842593433662
1037.4589275766268
1037.550735691836
1037.6542813144424
1037.7526858805156
1037.8471787667297
1037.9566136966455
1038.056025475892
1038.1676955906114
1038.2823090698485
1038.404973393683
1038.4840435648941
1038.5354303415575
1038.5625954850648
1038.581675418841
1038.5865581788994
1038.5723270476444
1038.530930460028
1038.4606545638076
1038.3519254825335
1038.2152873466168
1038.0416859894203
1037.8597398476097
1037.6831970380515
1037.5068786476668
1037.3349570875114
1037.1723899214462
1037.0352719610141
1036.9079543945588
1036.7960630987195
1036.6998196079242
1036.6224295839172
1036.5619575611631
1036.5083414872893
1036.4659767906962
1036.4480910441932
1036.4390375581083
1036.427039989202
1036.424317064728
1036.4294174589095
1036.429376003022
1036.4210273671385
1036.4244137725639
1036.4263488618353
1036.4363700279873
1036.4371164427466
1036.4537309015363
1036.4767175793686
1036.5046250829105
1036.5364444360662
1036.569010190853
1036.6082104808686
1036.6696517677394
1036.740369001771
1036.814071270852
1036.9073339222168
1037.0028350359055
1037.0961382299622
1037.189664135618
1037.2907923135294
1037.392405103856
1037.5219275459237
1037.6343101704638
1037.7444949366773
1037.8605308792262
1037.9682579170187
1038.0870151545764
1038.1871423577147
1038.2348774406873
1038.2865256954503
1038.331317725011
1038.35773926921
1038.3756252364165
1038.3839360534093
1038.3694783344886
1038.2320520807514
1038.2320520807514
1038.0838112981705
1037.9186222026242
1037.759958581331
1037.6037179831656
1037.43983792527
1037.2808762208128
1037.1290320109174
1036.9872102103516
1036.8412137332384
1036.7199594691192
1036.6063072839981
1036.5080812869396
1036.411831886272
1036.331492604154
1036.2729521177175
1036.2212677426676
1036.1935372110634
1036.180792054182
1036.170728156015
1036.1682672734141
1036.159170526396
1036.1510409121304
1036.1505573117079
1036.1542486992391
1036.1650166875777
1036.1682244381439
1036.173850236019
1036.1853650563592
1036.198330746663
1036.2058910838882
1036.228614960495
1036.263600728903
1036.3127831051652
1036.3639429266677
1036.4305299174762
1036.506434365504
1036.5972822984213
1036.6917801172272
1036.7711138196494
1036.8617005394801
1036.9402887947972
1037.0524144905971
1037.1586922949766
1037.262732939111
1037.385892104358
1037.518145759954
1037.6362017285799
1037.7664430589705
1037.8981763565787
1038.0205943773494
1038.1344423196372
1038.2157205591807
1038.2666275018744
1038.31093796431
1038.3559934624277
1038.3773094454825
1038.3785389839495
1038.367023870815
1038.3332233488024
1038.2629387325642
1038.1522210330193
1038.017503671339
1037.8681033600674
1037.7216474599547
1037.5583110294872
1037.4108878570519
1037.285004277278
1037.1767471709206
1037.0633475256736
1036.9651540135324
1036.870651662287
1036.7849423215637
1036.6940906958732
1036.6195929220817
1036.5642135078187
1036.5081292475868
1036.4672096843988
1036.439256737593
1036.4132808937873
1036.3890191798234
1036.367218424247
1036.3532844088943
1036.3532417614217
1036.352274412931
1036.3537254356984
1036.3544296127102
1036.3595721970523
1036.3536827634398
1036.334079739607
1036.3249823008323
1036.3357511724353
1036.3820346868683
1036.4331978236867
1036.4870428893594
1036.5210643221474
1036.5254602799196
1036.508318034055
1036.4928900214065
1036.4677450930735
1036.442252595842
1036.4106499725633
1036.3800146827189
1036.3528077275128
1036.3474018557804
1036.341512304683
1036.3620829442498
1036.3892473156075
1036.4203239456779
1036.46731256712
1036.517509228711
1036.5806732984886
1036.6426072454549
1036.712145179238
1036.8051992519424
1036.8828252651463
1036.9861657287936
1037.0819033009595
1037.1818161857418
1037.2586975642055
1037.3421747854911
1037.4401131884088
1037.5380523016254
1037.6516825490394
1037.775115033951
1037.8691430347387
1037.9159150247776
1037.9778554684035
1038.0373365729622
1038.0958490479402
1038.1524235729676
1038.21805473825
1038.279027581727
1038.3448834742435
1038.4415991811754
1038.5474079782011
1038.6701363344137
1038.7825434817444
1038.8503760269036
1038.8684902221125
1038.839570103225
1038.780274916251
1038.6940333993257
1038.5820750657088
1038.4397413967104
1038.2650938182173
1038.0858249933613
1037.919788396848
1037.7735802637433
1037.6217455692524
1037.4537366763072
1037.2746964528526
1037.106689395943
1036.9352546229234
1036.766019045639
1036.6384118876229
1036.5507182075876
1036.5132236444804
1036.4982784258461
1036.5281688555049
1036.5935340501287
1036.7032516077422
1036.7975404641568
1036.8778521920303
1036.941767258399
1037.0203653874332
1037.1623957862764
1037.331373355413
1037.5304655119644
1037.7643325393808
1037.9805737461932
1038.188990451576
1038.3763508243098
1038.579627633395
1038.7606179049972
1038.928897894074
1039.0648283955334
1039.154952906498
1039.231846833561
1039.2876817518838
1039.3155992919988
1039.3151141436701
1039.274450692931
1039.1801185440645
1039.0481004842536
1038.8986782318625
1038.7306567246562
1038.5550332484925
1038.3710622270564
1038.1716609400048
1037.9852300452642
1037.8002903220172
1037.6337258214369
1037.4833379081438
1037.3802089484266
1037.2827074755362
1037.205295215223
1037.1486779000138
1037.1035774281431
1037.0749157879268
1037.0459916099974
1037.023925147497
1036.9864285202227
1036.9362254956804
1036.8784181434592
1036.8090935845185
1036.7302292276854
1036.6552777234403
1036.5888985041022
1036.5269156330125
1036.4820770243443
1036.446557625043
1036.4014988129352
1036.3569237279635
1036.3064581962003
1036.2606523546874
1036.2285619031227
1036.2042962016487
1036.203548844889
1036.2135715754887
1036.229704713713
1036.266191370306
1036.3203060830938
1036.3807951610224
1036.4501201480996
1036.5223473168996
1036.5987508672918
1036.6702745296816
1036.7398207723325
1036.7905080930866
1036.8411956006964
1036.8975106293842
1036.9543098410259
1037.0182300444148
1037.0990329142423
1037.2073092839696
1037.3332149608264
1037.4683998770727
1037.612158494909
1037.7441780265215
1037.8725076411565
1037.9927498224063
1038.1225348519747
1038.270697124103
1038.4115178125699
1038.5503646681616
1038.7100489144466
1038.857957037961
1039.0073565708994
1039.163616128277
1039.30004545172
1039.447022976351
1039.574168989392
1039.6986298683041
1039.8194344754497
1039.915974345913
1040.0159433349702
1040.1310862219098
1040.2303113073028
1040.2758949459433
1040.321964051602
1040.3298240565737
1040.3060461366563
1040.227170158147
1040.1132570152286
1039.9804825849965
1039.816100421637
1039.6585772044841
1039.47827838984
1039.3006650162679
1039.1138023943768
1038.9489724936113
1038.817691543529
1038.6792570868631
1038.5623669782417
1038.4437980952011
1038.2977585401663
1038.141915062152
1037.9902456467532
1037.843496669306
1037.7018914979249
1037.5727726976993
1037.4581167642239
1037.339809874473
1037.224407631572
1037.1173567691312
1037.0296503795378
1036.9554396350566
1036.8790307326913
1036.807502746332
1036.739887767099
1036.6874405503395
1036.6371914453225
1036.6072966809268
1036.5923492873173
1036.6009221203096
1036.602636687211
1036.621717216948
1036.6466886797775
1036.6758364633183
1036.7333850783925
1036.7865371518317
1036.8632097232853
1036.9567654042824
1037.0424953031838
1037.123344332627
1037.2203302819605
1037.31388750987
1037.3966733673808
1037.4657425148193
1037.5272070810527
1037.5879257254094
1037.6229647820533
1037.6670612705548
1037.72312092695
1037.8012098802637
1037.9087108076317
1038.029445832251
1038.1526423652485
1038.280014796572
1038.384612030163
1038.5070654479491
1038.627320511882
1038.7431774771342
1038.8475167187944
1038.9312795314947
1039.0275311255527
1039.1485350861428
1039.2825134076745
1039.4027744810378
1039.4907144830129
1039.570565994243
1039.6254399837494
1039.679569783721
1039.7050330781528
1039.711148100876
1039.7020887055546
1039.6442700111284
1039.550180976824
1039.4536661432642
1039.3647555548846
1039.3326593727643
1039.3392590401877
1039.4134809271518
1039.545521712253
1039.6736481852058
1039.8022604172618
1039.9110392130763
1039.9794060064705
1040.0159030786103
1040.0288778533675
1040.0433405616059
1040.076666521713
1040.0999304519269
1040.13176869571
1040.138628098125
1040.1442581494407
1040.1136805292253
1040.0247989883744
1039.8817565866066
1039.7203380498643
1039.5446511187547
1039.376082304091
1039.185965953089
1038.99462021367
1038.8101338645922
1038.6111842844673
1038.4132038768007
1038.2233123017586
1038.0194795326543
1037.845766631215
1037.68014319208
1037.5118368469537
1037.355534049622
1037.2215229824296
1037.1007459268853
1036.9910043582474
1036.9005661186995
1036.822173337573
1036.7525744878262
1036.701617054722
1036.682755311548
1036.681040608229
1036.6832390223133
1036.6883831355103
1036.6947582376085
1036.7246554619655
1036.772930650113
1036.8297363885058
1036.891729314994
1036.945369290065
1037.010528581883
1037.0551113392532
1037.1175463619793
1037.1966452347656
1037.2772380667514
1037.3675944677186
1037.4738686640887
1037.5931561102068
1037.7237014590698
1037.8836613059916
1038.0291577230882
1038.1744322405502
1038.3042739380169
1038.4238271155111
1038.5406965166146
1038.685227519737
1038.830244187679
1038.9772013775228
1039.1565178950245
1039.3003082411392
1039.3904527810319
1039.4681083302019
1039.543304681486
1039.5982152539486
1039.6285650164523
1039.641021295436
1039.642962153425
1039.6331578229867
1039.601059480459
1039.5118836303159
1039.381030838126
1039.2225141772249
1039.0617982491424
1038.8983625247681
1038.7261282085185
1038.554155486663
1038.380207912704
1038.2285541895235
1038.0815999233228
1037.9426977907972
1037.8084565363895
1037.6871881911354
1037.5740101588472
1037.4826409830546
1037.4059587406769
1037.3508223248841
1037.298894218127
1037.2481553545065
1037.1749448731418
1037.1014719402021
1037.0593069780216
1037.0445784986352
1037.0438314626363
1037.0558350133795
1037.0614632800489
1037.0756655325747
1037.0947491080371
1037.1099192446413
1037.1241215973737
1037.1525263644428
1037.1951336690604
1037.258097882021
1037.3210621682797
1037.3636699897697
1037.424657064881
1037.4920196273654
1037.5449171144944
1037.6108276564703
1037.6889640992952
1037.7898782899833
1037.9020905006123
1038.026529626927
1038.1600283776052
1038.3043020058713
1038.4199081009108
1038.5210502227155
1038.6319982703205
1038.7351181605484
1038.8245192398597
1038.9166416889636
1039.0131639953922
1039.0802720926285
1039.1081964695666
1039.1251214007536
1039.1305264626076
1039.1368660001929
1039.1282911586432
1039.0844471709877
1039.0187579435585
1038.9167936828187
1038.798200539326
1038.6563437088555
1038.4983071687482
1038.3375870288762
1038.1714611996676
1038.0198012813414
1037.877685010791
1037.751971544247
1037.6380405531634
1037.5486026202186
1037.4608795999472
1037.3665598077484
1037.289873274822
1037.2072951592206
1037.1077887309332
1037.021296810847
1036.9546795247918
1036.8958896575896
1036.8500716195997
1036.8150266154425
1036.7890397020333
1036.7733420258749
1036.7549620210657
1036.7520159550786
1036.7488060916924
1036.7453763188105
1036.7554018495048
1036.7583479276454
1036.7622614082309
1036.7624813261943
1036.7609863408995
1036.7526317434222
1036.7604587395963
1036.7746616619254
1036.817797997826
1036.8518760028778
1036.9026191420023
1036.952571595628
1036.9917510289683
1037.039241817986
1037.0725296748308
1037.121515405488
1037.1692702839393
1037.2314919804649
1037.304003542837
1037.3877730952856
1037.4923854203134
1037.6128759167657
1037.7385534175467
1037.8855579202473
1038.0342780160447
1038.1876202657775
1038.3262748986094
1038.4823422360987
1038.6391561417292
1038.7705057870617
1038.884183513633
1038.9756023819436
1039.0623247099759
1039.1333515667723
1039.2149296020493
1039.2646667000918
1039.270296899102
1039.2572860746557
1039.2050885747167
1039.0847729946556
1038.9367923234934
1038.7844129899433
1038.6168230715011
1038.4450961481666
1038.2814615179639
1038.1285637489193
1037.946249194225
1037.7693420516362
1037.6051871108514
1037.4743228102575
1037.3699300142441
1037.2731441649628
1037.1907827831858
1037.1346296128218
1037.0846317590149
1037.0375799758494
1037.0064467955908
1036.9878022213957
1036.9737318063508
1036.9509530839864
1036.9205669585892
1036.8845521168755
1036.8527148393664
1036.828221307691
1036.8208776578972
1036.8088727706054
1036.8010454396867
1036.803991702159
1036.8172278435568
1036.8267701718241
1036.8586073358972
1036.8960733128783
1036.9134432549226
1036.9320445057142
1036.9609358389512
1036.999897149883
1037.0496323371785
1037.1027976313403
1037.1495868404488
1037.2024890262978
1037.251477484683
1037.3085149226988
1037.3893426134105
1037.4765470110553
1037.5911928754304
1037.70707044379
1037.8278721471886
1037.947927585703
1038.114775302747
1038.2838236920452
1038.4567881631526
1038.6192400475406
1038.7758015425252
1038.9088367791946
1039.0411274001804
1039.1844554957304
1039.306717503206
1039.3985919003094
1039.458363255583
1039.4617936301665
1039.425774717193
1039.3520218439244
1039.2410202318192
1039.0846790993296
1038.9052956022797
1038.7134215588637
1038.5048811061931
1038.2909338773525
1038.069419448566
1037.8611427803803
1037.6690500353327
1037.510513498046
1037.3689076582675
1037.239792254702
1037.1180216871858
1036.9991979840427
1036.9034182566925
1036.804164685103
1036.7289218154158
1036.6534145820565
1036.5901767655043
1036.5421099039706
1036.5011675224825
1036.4654158260125
1036.437710350025
1036.4188447308316
1036.3916685144668
1036.37157135607
1036.3546395733708
1036.347779359572
1036.3365221719555
1036.3362574234397
1036.3328273168047
1036.337442969981
1036.352613763207
1036.3807569734406
1036.4010731171204
1036.4338783409612
1036.4683988067065
1036.51540857937
1036.580317613327
1036.6464584979797
1036.7206915756904
1036.791978351026
1036.8735561528288
1036.9691192291532
1037.071763114835
1037.187161074633
1037.290333066784
1037.4118877615579
1037.524603673418
1037.6360888422937
1037.7703557686514
1037.889186855609
1038.002651057887
1038.102575953972
1038.1968719623542
1038.2777091479825
1038.3702915844403
1038.471451113841
1038.5664968102756
1038.66840430021
1038.7576356770664
1038.8543984162054
1038.9501924349095
1039.0663095945117
1039.1815675292808
1039.2768417047755
1039.333634925533
1039.3710753768466
1039.3887135027992
1039.3985204235842
1039.4000111292478
1039.4176492539839
1039.4340214308686
1039.4416280468017
1039.450689664498
1039.4521446814026
1039.4425980492276
1039.3933386736787
1039.2884436758468
1039.161249658426
1039.0171636977184
1038.852233696159
1038.6875655877361
1038.5010843184762
1038.3237043724482
1038.146023976444
1037.9519380511942
1037.7725845176972
1037.594200546561
1037.435916281083
1037.2928063672025
1037.1553263029537
1037.0303366196322
1036.9242141195525
1036.8414011655245
1036.755158159812
1036.6777105280373
1036.6100704066116
1036.5585693151156
1036.5007366411346
1036.4642344072765
1036.4372750368354
1036.409832223765
1036.4029715245392
1036.3924155971094
1036.3769790124181
1036.3703368097724
1036.3634760960629
1036.3604826771275
1036.3509399395311
1036.3534034868426
1036.353668438348
1036.3490063105155
1036.3479929801113
1036.351641789324
1036.3641315125944
1036.3869123952225
1036.4040179421638
1036.4260506462801
1036.4449178683924
1036.4606195182278
1036.4763211256573
1036.5074134644753
1036.5549098581976
1036.6104991636248
1036.6867170169671
1036.7786363115615
1036.8680923161614
1036.9749202853523
1037.079021903451
1037.1953950477498
1037.3340674372114
1037.4798226313121
1037.6280420279513
1037.7468397489308
1037.8609770731848
1037.949426990838
1038.045707210792
1038.138557431627
1038.23189266272
1038.33283666132
1038.4249820082146
1038.5066127104647
1038.5874969301697
1038.6794195760906
1038.7752574278754
1038.8896651509735
1039.0447961983375
1039.2192820464409
1039.410177405229
1039.5719119497608
1039.702994714101
1039.8115526618117
1039.9223117933527
1039.986979686081
1040.0224850954728
1040.0445265720346
1040.0601915049167
1040.048183164373
1040.001865325803
1039.9016229360843
1039.7678165887337
1039.5977496481614
1039.4494074838442
1039.2939411983352
1039.1289630733131
1038.9595839213735
1038.7647347376414
1038.5466166404642
1038.3275307334025
1038.124147139844
1037.944033456427
1037.7852103567634
1037.63131258427
1037.5043340935072
1037.3957401583282
1037.272235439804
1037.1759126467166
1037.084999951554
1037.0239959734413
1036.9769790280807
1036.9539319514538
1036.9260031819679
1036.8936314969367
1036.8666700616925
1036.8379933075457
1036.8257216419452
1036.8316156667147
1036.8333309838797
1036.828449477577
1036.822071841362
1036.8068531449267
1036.8053569507508
1036.8154297329645
1036.841643141611
1036.8808311578623
1036.9080120318115
1036.95159837883
1037.0023105849375
1037.044929981789
1037.0939272133905
1037.1488184783302
1037.2162011642013
1037.2933923974915
1037.3624908903623
1037.3953031588856
1037.4143925613823
1037.4283358980758
1037.4731562577404
1037.5763003139757
1037.7103648366074
1037.869455373191
1038.0784729382553
1038.288986037869
1038.5256770860192
1038.740593937971
1038.9376117139275
1039.0937207600361
1039.2199213726267
1039.3120366888902
1039.387258400148
1039.465687248119
1039.540424657513
1039.6244855104542
1039.7107117437101
1039.772956435735
1039.8150998542092
1039.8586988895177
1039.8993522434862
1039.9157975285361
1039.9234049553133
1039.9268360764027
1039.8908093251266
1039.8908093251266
1039.7949140493445
1039.6635999970836
1039.531506200101
1039.3976975101777
1039.246436674233
1039.0684732017473
1038.908633575551
1038.7373082450129
1038.5740366635214
1038.4276968995187
1038.2872501699705
1038.149487579884
1038.0406662932644
1037.9445588132555
1037.8477878551314
1037.7703293559355
1037.703163526771
1037.6377130973929
1037.5734940821378
1037.5028972468824
1037.4416252044725
1037.3719961005202
1037.308260891103
1037.2663425349049
1037.2354646233023
1037.2126801356708
1037.1857169457105
1037.1565545535373
1037.1403677315016
1037.1393556354699
1037.1427419187912
1037.1510549749428
1037.1549696315044
1037.1684290772776
1037.1816689272566
1037.2086323919375
1037.2319008896327
1037.2828366456408
1037.3453411839164
1037.42618832843
1037.5151294835287
1037.6040711704363
1037.7126312877112
1037.8160454035622
1037.9285216974138
1038.0324210433794
1038.1324056526878
1038.2397371498973
1038.3576249478176
1038.4649575505566
1038.5644595799756
1038.6759708790603
1038.787967194985
1038.904626132947
1039.0058452960318
1039.1192973746047
1039.2535986929374
1039.4373926329906
1039.6687410763816
1039.8638032310614
1040.0316772141475
1040.1272690784617
1040.1664696055477
1040.1716166158228
1040.1348424422101
1040.065245255008
1039.9549577852576
1039.8042407236412
1039.6520337287247
1039.4843867215138
1039.316479457883
1039.155919721997
1039.0115467873654
1038.8566187547353
1038.7000144578408
1038.5466200819117
1038.4015426964181
1038.260825119898
1038.1267480983981
1037.9983021464636
1037.8948422905876
1037.7980236824828
1037.7169086375957
1037.6522017968568
1037.5887266159573
1037.5291665863215
1037.4678910808616
1037.4103106323862
1037.3627595945372
1037.328184952176
1037.2987568407261
1037.2771584041482
1037.2629058120935
1037.255076075595
1037.2413517788593
1037.240384214311
1037.236733554083
1037.240428796783
1037.2472463548445
1037.27517873298
1037.3075098773431
1037.3351783386674
1037.361131376145
1037.3800024569268
1037.4059556671025
1037.4468651851205
1037.4949009955203
1037.5421891802132
1037.5897412389145
1037.6316626263067
1037.6853294522707
1037.7451112454155
1037.8414048191862
1037.9271845673798
1038.0234792873111
1038.1290999355485
1038.2224903287922
1038.33009014813
1038.4232183605318
1038.531787694744
1038.6557983464259
1038.793534881267
1038.9329878671006
1039.0849360875704
1039.206226522138
1039.3459060082557
1039.5056904583175
1039.661820645165
1039.8137746542532
1039.9304800703678
1040.0439787527603
1040.1172702769459
1040.1682572543568
1040.1834390323638
1040.1792968969407
1040.126819478573
1040.0165269792058
1039.8697196281623
1039.7037798426063
1039.5549979111922
1039.426543969437
1039.2948822654782
1039.1642277174465
1039.0372278045825
1038.906311534334
1038.7881514723779
1038.6756229722855
1038.562125458071
1038.4699630977602
1038.3839166559558
1038.277019333812
1038.1873201225628
1038.1029894102917
1038.0017652638285
1037.893194756846
1037.791003303517
1037.6858651235223
1037.5863582602926
1037.5091109196678
1037.4402215935884
1037.366185328978
1037.3154198042598
1037.2671178307344
1037.235972108424
1037.201659480873
1037.172977500547
1037.1425798909615
1037.1232242867954
1037.113633351818
1037.116097229521
1037.1126659722759
1037.1028558874582
1037.0947614248764
1037.106770831515
1037.1089701486048
1037.1261264621885
1037.1464495357504
1037.1680046028262
1037.181200765627
1037.1784724279985
1037.1632507890681
1037.135271254544
1037.1239644604962
1037.1104582615737
1037.1057949573217
1037.1011316487302
1037.1055303256044
1037.092069670513
1037.074210418758
1037.0739457480665
1037.0805437140443
1037.084723362739
1037.0991513442789
1037.1221577408105
1037.1402818294778
1037.1652686658786
1037.1792586141328
1037.1988792640134
1037.2243499099377
1037.2662293000658
1037.3176998747022
1037.40568388737
1037.5027306270783
1037.6098082124568
1037.7102876023578
1037.8301245762796
1037.9583203967013
1038.1078107366457
1038.261965447249
1038.419331372531
1038.564203146033
1038.7129914070576
1038.8634960707743
1039.0039293426232
1039.1544355160152
1039.3100897697605
1039.4566806989656
1039.5895083517405
1039.7174505413993
1039.8360685483733
1039.9282398132257
1040.018435024481
1040.1000513194945
1040.1664852567326
1040.2378417125342
1040.3256115125703
1040.4224460936575
1040.5293503247271
1040.6416279961154
1040.7612549998498
1040.8762202714997
1040.9573211417603
1040.9822829962568
1040.9634078421147
1040.9256250836502
1040.8236408280507
1040.6875644703427
1040.5419374977769
1040.3740038646383
1040.1803320253573
1039.9832289167625
1039.783925439548
1039.595626760446
1039.4061346357312
1039.2360025667308
1039.0876924109548
1038.9710145953673
1038.9021186893922
1038.9131208185822
1039.019503723969
1039.1687836174979
1039.3418250446289
1039.4834971219786
1039.5731710754335
1039.6309513310348
1039.7161866179388
1039.8683799825274
1040.02941509599
1040.2034335630565
1040.3843177075398
1040.5759850607458
1040.761050293887
1040.9515243538947
1041.1630773863083
1041.3484061324725
1041.4780791202268
1041.5474336547236
1041.5707139212072
1041.5687396510937
1041.5133406614068
1041.4069469067579
1041.2581388729247
1041.0958623174886
1040.9666765283491
1040.8230186436479
1040.6810773071697
1040.5351850315865
1040.3775406317172
1040.2373163630925
1040.0649745861365
1039.8909175363444
1039.7180921401564
1039.5744384356435
1039.4192586527354
1039.2447582175917
1039.1028227305987
1038.982971905662
1038.9040409560712
1038.8373836934602
1038.7920239489529
1038.7493490339627
1038.703989198993
1038.64688076983
1038.5667600866525
1038.5667600866525
1038.5603231023742
1038.5770787289393
Keyboard Interrupt
