1023
1023
1023
1023
1023
1023
1023
1023
1019
1023
1023
996
898
812
731
714
764
772
730
667
604
512
451
407
385
380
414
416
338
285
282
285
263
240
176
125
147
177
193
201
231
248
246
263
283
320
344
316
204
89
10
0
0
0
0
0
36
3
0
0
0
0
0
249
733
740
539
180
349
666
755
707
551
433
325
297
327
361
402
431
520
571
580
601
618
639
662
697
674
600
537
516
520
510
430
297
144
35
0
39
124
157
250
326
378
410
451
456
412
422
448
468
471
478
553
667
777
842
901
940
950
956
969
977
985
935
885
853
842
775
677
626
580
499
422
347
216
91
5
0
0
0
30
94
162
206
205
244
300
355
379
397
423
419
363
352
365
454
588
696
765
832
866
876
883
883
893
895
879
819
675
507
314
141
51
125
241
355
435
488
549
587
577
523
505
525
538
532
526
545
550
496
486
485
480
457
437
442
410
351
383
438
506
572
631
675
686
674
624
457
322
315
400
448
404
346
293
282
296
339
354
299
335
378
415
441
482
532
527
485
486
491
505
503
509
523
482
433
477
512
562
617
687
744
766
767
784
787
788
791
777
723
628
555
487
408
357
317
285
240
197
98
0
0
0
31
51
98
153
225
297
370
424
425
401
400
379
371
367
361
377
418
486
553
643
701
735
750
759
793
821
846
838
825
801
795
813
788
665
440
165
6
0
0
0
0
0
37
113
170
219
261
308
336
313
351
392
421
434
440
453
474
450
374
384
459
560
651
719
792
847
881
888
912
933
932
923
893
855
818
766
676
568
431
276
118
0
0
0
4
55
86
125
151
194
261
310
350
373
402
414
373
348
364
374
375
370
440
548
636
694
758
805
843
886
921
930
941
923
840
628
398
246
162
79
4
1
29
102
176
249
315
323
351
390
435
466
483
501
515
482
459
474
484
492
485
479
477
473
456
485
563
614
664
705
757
811
871
911
927
930
891
854
790
646
467
307
201
125
73
48
56
90
70
58
92
143
200
246
304
380
392
410
453
474
470
454
454
465
473
422
416
491
608
696
760
810
851
892
899
904
895
894
873
804
689
553
416
318
228
154
97
101
126
161
248
322
394
431
446
463
439
419
428
441
451
448
451
460
468
397
354
399
474
538
582
635
682
729
733
741
753
767
762
652
469
265
131
166
271
343
337
326
304
262
270
286
291
243
257
324
360
402
447
470
481
472
476
490
496
545
654
714
724
674
671
683
677
675
711
749
748
698
662
607
496
315
143
49
35
61
60
119
189
286
321
330
343
187
14
2
74
171
257
348
430
433
433
442
453
463
478
513
563
604
556
534
525
547
553
544
525
550
612
655
720
767
809
849
894
916
923
908
907
873
853
833
786
758
719
684
668
640
531
379
230
96
17
0
0
0
0
0
0
0
81
158
231
303
302
317
371
410
440
459
476
494
476
430
428
426
476
547
637
714
777
824
826
843
861
871
885
885
857
856
808
786
785
790
772
744
758
727
703
694
646
490
371
336
232
125
55
0
0
0
0
0
0
0
0
0
0
65
129
121
113
142
179
220
261
302
356
410
420
380
403
436
469
502
582
726
867
972
1023
1023
1023
1023
1023
1023
1023
1023
1023
993
958
828
591
376
205
54
0
0
0
0
37
139
177
230
302
346
347
355
377
349
351
345
376
457
577
703
783
819
848
872
906
935
950
968
954
916
881
857
838
801
799
763
718
679
645
606
584
588
564
538
553
536
473
377
318
141
0
0
0
0
0
0
0
0
0
0
16
122
226
292
338
397
414
310
304
376
488
570
641
713
785
850
863
873
868
882
904
907
900
839
728
606
453
311
153
0
0
0
0
0
131
327
497
564
637
720
767
800
789
738
665
578
571
655
748
804
834
836
837
815
797
794
799
807
788
792
745
697
678
662
633
637
651
630
612
608
604
599
649
695
674
633
541
438
319
248
169
54
0
0
0
0
0
0
0
0
0
0
0
0
0
0
46
61
74
131
160
196
293
457
646
805
893
966
1017
1023
1023
1023
1023
1023
1023
1023
1023
999
948
913
909
822
709
627
571
493
387
267
116
9
0
0
0
0
0
18
11
61
126
186
233
266
300
339
334
331
434
576
680
739
823
889
941
976
984
975
980
982
965
923
912
884
838
795
789
751
707
697
669
625
601
591
522
429
400
369
300
271
267
272
286
250
162
17
0
0
0
0
0
0
0
0
0
0
28
128
228
314
361
381
388
349
342
454
582
668
777
903
999
1023
1023
1023
1023
1023
1023
1023
1023
1004
941
911
828
753
692
658
561
349
173
55
0
0
0
0
0
0
0
0
0
0
2
13
61
108
164
207
249
350
403
438
485
498
487
500
529
547
591
633
682
723
811
888
962
1013
1023
1023
1023
1023
1023
1023
1005
987
988
940
875
842
813
735
664
607
548
425
257
110
5
0
0
0
0
0
0
0
0
0
3
0
17
76
133
187
230
275
332
361
348
370
403
434
454
470
499
536
533
504
510
519
533
534
543
568
594
581
535
535
541
558
557
604
710
835
917
998
1023
1023
1023
1023
1023
1023
994
838
684
523
372
257
187
129
110
135
176
235
274
312
336
329
349
372
396
405
418
436
390
372
382
414
456
504
575
654
697
737
785
821
844
833
791
743
692
632
554
439
312
219
160
113
64
93
157
203
230
242
264
293
330
323
297
335
427
591
821
982
1023
1005
920
799
706
655
590
551
534
552
591
557
503
497
471
411
336
343
431
526
557
556
495
424
422
493
596
691
765
784
778
776
787
805
818
826
844
829
809
802
750
580
416
306
163
29
0
0
0
0
0
0
0
0
0
27
138
244
359
477
589
637
657
645
531
414
363
314
285
270
305
345
402
431
459
507
522
508
486
488
492
471
412
385
365
376
370
368
383
409
385
355
348
374
376
388
403
442
464
422
407
450
609
785
903
959
956
930
911
897
893
885
890
885
877
873
846
818
800
800
779
756
756
732
692
659
642
628
631
627
583
539
514
477
348
194
31
0
0
0
0
0
0
0
0
0
71
185
299
379
452
494
446
397
372
369
383
392
401
412
413
434
422
459
517
573
637
699
731
769
784
790
795
811
841
862
886
876
863
637
328
133
31
0
0
0
0
0
0
0
0
0
80
167
225
270
309
324
298
321
353
390
412
427
464
571
714
856
972
1023
1023
1023
1023
1023
1016
755
526
374
283
202
169
152
130
171
202
223
227
293
426
560
703
802
868
908
921
916
931
918
869
795
745
703
640
561
506
453
361
225
149
124
135
128
140
172
208
241
260
276
312
318
287
305
330
358
369
382
421
443
409
412
425
440
444
450
480
513
487
461
460
477
483
482
495
529
536
493
487
490
497
489
494
508
530
488
466
468
476
474
478
502
536
515
485
483
490
501
501
513
534
509
478
488
507
514
513
519
542
556
508
485
479
483
484
476
487
509
495
458
456
463
475
481
501
531
514
484
483
489
492
494
501
522
524
486
497
565
695
807
872
908
920
891
876
854
849
841
818
784
729
680
630
594
569
526
413
221
72
0
0
0
36
113
188
188
214
270
315
342
383
446
473
460
471
485
502
499
501
516
513
457
438
438
454
452
447
463
480
440
440
447
444
449
461
497
484
398
412
526
621
679
734
779
769
764
698
488
291
231
206
250
355
365
371
378
382
339
319
339
369
395
405
432
428
407
418
437
468
503
546
536
474
460
452
440
433
475
528
595
668
734
789
832
859
869
838
795
746
690
622
542
465
376
261
146
34
0
0
0
0
48
126
179
222
282
289
255
277
311
364
390
426
470
443
422
444
469
467
471
501
522
480
469
467
466
452
450
476
489
458
467
476
487
475
472
505
575
667
752
816
862
902
926
946
886
762
592
403
247
157
112
98
125
164
235
279
343
367
370
404
452
529
590
586
493
454
456
460
466
460
464
441
394
392
368
366
429
551
636
675
720
739
727
652
636
644
642
623
582
589
647
681
639
495
528
699
481
793
1023
1023
1023
1023
1023
1023
492
0
0
0
0
0
0
0
0
0
0
0
43
177
249
213
93
58
22
95
183
243
296
357
398
394
408
430
463
487
514
494
468
486
515
552
562
583
555
524
521
542
566
574
592
Keyboard Interrupt
