CHIP_ID(id=88)
1033.6619168126617
1034.8543972958234
1035.6894133552103
1036.3130728409699
1036.8145387006366
1037.2642491939384
1037.6463228927125
1037.807122765279
1037.3009620309347
1036.9504908164338
1036.5929317210969
1036.2930041912005
1035.878330647768
1035.5129793409874
1035.3542714057862
1035.1570635278365
1035.0633380028708
1034.9946519463622
1034.9274130158742
1034.8285924887439
1034.7775458843257
1034.7980809454718
1034.806391491554
1034.836042949335
1034.9612985591273
1035.064570751462
1035.0050532112814
1035.113632838566
1035.4482740725216
1035.9080093650089
1036.087791913747
1036.4030764222073
1036.7438343895444
1036.8253247853183
1037.0563448963458
1037.9446249204623
1038.4922028422197
1038.8716245864116
1039.1689461296105
1039.1789804381458
1039.1759934407796
1039.1818488923723
1039.2647054778117
1039.3473005236058
1039.3763963163735
1039.3637148643106
1039.417098114072
1039.4942845395237
1039.5523326727605
1039.6339225648603
1039.7981501941772
1040.0072243192815
1040.1513472537006
1040.1839549300062
1040.2199588687074
1040.3322221944966
1040.3846791573553
1040.2191768154219
1040.0906808649504
1040.0884064919712
1040.0422571524464
1039.893397206983
1039.745283131333
1039.5883264089005
1039.4598363621835
1039.3360101549472
1039.2298304051512
1039.1180175223928
1039.020681043122
1038.9444231340926
1038.879209366804
1038.7970559011735
1038.7379595853113
1038.728147110358
1038.7401601410968
1038.7406445502286
1038.7730298333968
1038.7921290501665
1038.8144390284092
1038.8627130743364
1038.86759881015
1038.8730100306018
1038.884316896537
1038.884316896537
1038.8950983231296
1038.8688304987265
1038.8462576360844
1038.8261481457357
1038.7916033500949
1038.772725633804
1038.7489209573441
1038.722168276079
1038.70597545474
1038.7005639641022
1038.6961628735119
1038.6983634178684
1038.6954154752152
1038.6902669872388
1038.6645245610107
1038.6488160267475
1038.617925116091
1038.5894558647954
1038.564418820731
1038.5590070807705
1038.56389234693
1038.584970728987
1038.6535758636978
1038.7496822864514
1038.855076084556
1038.9761793259509
1039.0923971437678
1039.1970463631767
1039.313487820421
1039.479963166786
1039.6751309480649
1039.803589001759
1039.8839922976513
1039.8908573930642
1039.8410854879878
1039.7486303633598
1039.6866214966522
1039.6838970868337
1039.7196771076103
1039.7532942598423
1039.8050058355705
1039.873134177493
1039.935405471001
1039.9060049155996
1039.8528380028322
1039.8847386121204
1039.9929012491223
1040.0814384141984
1040.1312471666574
1040.188108423535
1040.2412402129216
1040.3338839980022
1040.3956709918798
1040.5211865849335
1040.6415542226957
1040.7329703764342
1040.815805748241
1040.906512692747
1041.0378936695554
1041.1374101305694
1041.196738641568
1041.2744620926157
1041.3911447459132
1041.534578820353
1041.6431994137943
1041.7236444595972
1041.8278297419042
1041.9153374852797
1041.9553019310194
1041.9442587804288
1041.8233625496216
1041.673059953865
1041.5295919121697
1041.3392945265566
1041.1488051830538
1040.9952996556874
1040.812355818929
1040.667658192924
1040.528370107496
1040.366023333223
1040.1786771593934
1040.002898779128
1039.857493514491
1039.7243649605457
1039.576275085623
1039.4428861632402
1039.3355048009464
1039.206296638414
1039.1106680363262
1039.016796942299
1038.9417645847052
1038.8748293379763
1038.8137905515873
1038.7964064092228
1038.81181122059
1038.8022192596234
1038.7935960391808
1038.7832564405116
1038.8048208277758
1038.7869103078797
1038.7802663531118
1038.7704529099738
1038.766009587882
1038.7502996159972
1038.7350739636472
1038.7460773619234
1038.746824945278
1038.7299250250765
1038.719142796628
1038.7123197089525
1038.7718641118022
1038.796376903946
1038.7784662043973
1038.8039478329056
1038.836294854079
1038.8784555478765
1038.9252394496473
1038.9823631650092
1039.010530807659
1039.0502285736031
1039.0752266056725
1039.1299282315317
1039.2061546793175
1039.3096214864072
1039.41946957947
1039.524391574444
1039.6180463534627
1039.68080636682
1039.7509171400327
1039.8467745263351
1039.955132461116
1040.046849597822
1040.1417384863437
1040.2498741998015
1040.3589806778814
1040.4634236356762
1040.5563732363878
1040.6410010092397
1040.7317133272425
1040.8189932361956
1040.912914231871
1041.0310918857224
1041.178676807417
1041.3343604100505
1041.4765727571037
1041.5863985866279
1041.642817833092
1041.6624124985276
1041.7300708570995
1041.8239641293696
1041.9749914268261
1042.1392672428813
1042.3050335091093
1042.45486521307
1042.5877892429414
1042.6740782257964
1042.8472018342463
1042.9371835723266
1043.035262836737
1043.1193524392572
1043.2032400944045
1043.219406688084
1043.2152298771894
1043.1124607020765
1043.1746102086693
1043.2203383616102
1043.2450344636566
1043.3423446809197
1043.309444542602
1043.2291932222179
1043.0673104773048
1042.8725815758671
1042.6427762261949
1042.409538455934
1042.1856293237029
1041.9232108063586
1041.6720974413536
1041.4339741277167
1041.1872695644067
1040.9753839006885
1040.777231922194
1040.6058360355185
1040.4432486440724
1040.2961108713298
1040.1931185431577
1040.1031123390444
1040.0072100690568
1039.9223535618305
1039.8220484263138
1039.7409263051952
1039.6734976552937
1039.6109565482689
1039.5599462200726
1039.535390597547
1039.512773706958
1039.4845624135858
1039.468104250172
1039.447243599084
1039.4246663781898
1039.4131354154006
1039.3930623005829
1039.3663453414172
1039.3182831254821
1039.2998454025658
1039.2851441110931
1039.2733504080838
1039.2713711558877
1039.284618678069
1039.289283621758
1039.2895055056454
1039.301036523927
1039.3370834069328
1039.3184236368247
1039.310366407081
1039.3343976413653
1039.3604080219097
1039.3964548891815
1039.4454868086777
1039.484259886977
1039.5173985365007
1039.5571009132705
1039.602922604876
1039.6629617322546
1039.7112476332686
1039.7744979385282
1039.8531976076708
1039.946115197774
1040.0338837097374
1040.125347519917
1040.229089208432
1040.3355179132946
1040.4409766374351
1040.5407639225573
1040.6356628510594
1040.746011782915
1040.8708401093575
1041.0103728857257
1041.1390865264739
1041.2611948073836
1041.380356390926
1041.486271276684
1041.5735629288188
1041.646376384323
1041.7079184648178
1041.8035683695325
1041.8908618619714
1041.9384441189243
1042.0156967081386
1042.0978410329556
1042.1687132656627
1042.2277961440443
1042.2675090237585
1042.3116584894447
1042.3962657362924
1042.4955798885894
1042.5990724487626
1042.6846535183006
1042.7403055696936
1042.8094636499231
1042.8972492474481
1043.0044351342967
1043.1672752766988
1043.3364974913106
1043.467207067377
1043.6187764787935
1043.7794180198953
1043.92166208462
1044.1139527605228
1044.2302141850519
1044.2226039243128
1044.1166437398774
1043.988083496834
1043.7700135390376
1043.4967736585086
1043.248058119711
1042.9841495540832
1042.6765781981555
1042.3834881861278
1042.123278703036
1041.9015539426475
1041.6479567436518
1041.3874944774677
1041.12800529956
1040.8953108505737
1040.6966571120508
1040.4999452831348
1040.3103620074942
1040.1428348204922
1040.000834969138
1039.890705551914
1039.7965111047536
1039.710232576777
1039.6508565343254
1039.5816650371592
1039.535093027715
1039.505162542642
1039.4654167333729
1039.4175721922356
1039.3697275327295
1039.2981124793776
1039.244370100212
1039.1908906153037
1039.1523764939877
1039.1237197908456
1039.114167596812
1039.1423816553367
1039.1757038491241
1039.213470267185
1039.2470558357936
1039.2776927339064
1039.3367656312794
1039.4073710735954
1039.4463291903867
1039.465434648672
1039.4836116775543
1039.5147340805574
1039.540747139625
1039.5802311000846
1039.6197151140802
1039.668529880652
1039.7114073715645
1039.7856709033047
1039.9041247038433
1040.0061195315798
1040.1054285261482
1040.1914891469135
1040.2790055208488
1040.3483848212857
1040.4126142786868
1040.4690067342628
1040.5178232132864
1040.5828000205313
1040.6293776015993
1040.6774480254994
1040.7375361669551
1040.8157631815
1040.8819728326214
1040.9422862482077
1040.990096788643
1041.0369366730115
1041.116136193083
1041.2068686642172
1041.313053405108
1041.4131169907585
1041.510232950469
1041.6100714291688
1041.6917362472536
1041.7824717144535
1041.904371184969
1042.0294458899891
1042.1557524127666
1042.2342446395521
1042.3046384605718
1042.4010139785357
1042.5094087909113
1042.6060137298894
1042.6950374400374
1042.8164557796233
1042.9209333351437
1043.0764347696613
1043.2159977991337
1043.3388781664103
1043.4848241782481
1043.6138306283478
1043.757804684692
1043.9064441322548
1044.0111842917477
1044.1067219917645
1044.1601562358173
1044.1554671933693
1044.0296103577007
1043.8130064656395
1043.5586018662505
1043.2975861123855
1043.0346250954376
1042.7241060703632
1042.4162804960838
1042.1043116841247
1041.8094841622355
1041.4869287698752
1041.1933025609258
1040.902140338884
1040.603141673865
1040.337997349631
1040.0802072301892
1039.8503728206751
1039.6521896502286
1039.4802443418787
1039.3424144438895
1039.2163396031026
1039.0792589870464
1038.9750190049176
1038.9063474744346
1038.8442793303732
1038.7870974838615
1038.7667162653122
1038.7583525140558
1038.7527178959324
1038.7262177137786
1038.7127475123584
1038.710546503254
1038.7196146634494
1038.740700362975
1038.788506512576
1038.839262194402
1038.8819183474363
1038.9118522117874
1038.9501062940221
1038.9846631064106
1039.0481423789572
1039.122407633611
1039.1913021033374
1039.2476945683368
1039.2822948783275
1039.3178641728055
1039.3355591509085
1039.3581413427482
1039.371876093725
1039.4025578670946
1039.443762120726
1039.4989228473637
1039.571474239841
1039.6601848399428
1039.7583097537054
1039.8225414848714
1039.8777043655339
1039.946340412923
1040.0243088192044
1040.1084378191224
1040.1989107198312
1040.281546637882
1040.3705658482877
1040.464513003288
1040.5508079734145
1040.6415458050392
1040.731574980163
1040.836012603858
1040.9679602069657
1041.0981556968372
1041.2148773521044
1041.353696672146
1041.494719731601
1041.6107337892267
1041.7323854832937
1041.8378388330966
1041.958780101767
1042.0698721808453
1042.1957065547776
1042.318852407851
1042.4233376011032
1042.541074366896
1042.6276448081767
1042.7323599023575
1042.8385652081413
1042.937644413025
1043.0816292113902
1043.1951921651228
1043.2702334108637
1043.3001412948297
1043.3575532937234
1043.4640204639995
1043.5255830034528
1043.5864574044242
1043.7598969065216
1043.943640871929
1044.1501714599005
1044.355243913922
1044.4842710026744
1044.589744217075
1044.6294735637532
1044.428781125135
1044.2334974010469
1044.0273979893657
1043.753121883291
1043.4530894191878
1043.1554919799273
1042.8446747603286
1042.5243026372
1042.2005329473018
1041.9027192596038
1041.6171534715704
1041.344129789529
1041.078984374742
1040.8562099335154
1040.658221420839
1040.4590397507593
1040.271616745977
1040.112152253811
1039.9368307212817
1039.772257917178
1039.606177307023
1039.4817645828691
1039.332344408056
1039.1963961005854
1039.0714537558838
1038.9654408608656
1038.874880426737
1038.7892952006835
1038.7259864832884
1038.6835460101058
1038.6595082342358
1038.6511428822155
1038.6551059880358
1038.6531244401083
1038.6523757310852
1038.662413084743
1038.694506845533
1038.7278336452605
1038.7709784920926
1038.8112182761172
1038.8666468389858
1038.9164402438246
1038.9615229609253
1038.9951150649933
1039.040462453343
1039.0730861458903
1039.1189183164313
1039.1828901460433
1039.2505604971377
1039.3128593308925
1039.381763071693
1039.4639193728415
1039.5507428353972
1039.6513035063938
1039.7599655612082
1039.8497398986904
1039.9498173075133
1040.0658341305787
1040.217426580529
1040.357747105867
1040.4946338658058
1040.6324914026545
1040.763219486692
1040.8851388873256
1040.994777273417
1041.1071043394775
1041.210136409996
1041.3403834909711
1041.4966504244344
1041.653403849698
1041.8015720553929
1041.9597848536803
1042.1072096357007
1042.274756978399
1042.444508960322
1042.598320566213
1042.768075327346
1042.906661243655
1043.0212058570576
1043.131602219975
1043.242972027582
1043.3236878886669
1043.4291913640775
1043.5677833098407
1043.7380337705874
1043.9110041159583
1044.069979260693
1044.213242208171
1044.3388451655667
1044.4450701735725
1044.531173552633
1044.6786190318885
1044.8084036828168
1044.8918171490739
1045.021858618944
1045.0682308209302
1045.0584132609652
1045.0782804434634
1045.0247827896417
1044.8316812671974
1044.6172277975522
1044.3630427635392
1044.0693587630508
1043.8210747268806
1043.5710758876737
1043.3176155255314
1043.0568002012226
1042.7643598095854
1042.4611324964567
1042.1554460648879
1041.8588695808253
1041.5561748281693
1041.2693899361334
1040.9968311691182
1040.7456284098596
1040.5180231173588
1040.315877479783
1040.1051470848067
1039.8909836455298
1039.70671948553
1039.5568411469055
1039.4243561157173
1039.307810116819
1039.2017874024507
1039.0930783995077
1038.9988549773282
1038.9161673048518
1038.8479655615363
1038.784960469436
1038.7515860157946
1038.7253448177266
1038.7138089982388
1038.722129941429
1038.7329169158158
1038.7640449322655
1038.7762844423828
1038.804946732496
1038.8480952941195
1038.8807214029805
1038.9049814351022
1038.940293320895
1038.9802280375695
1039.0062056786446
1039.0216603682895
1039.0469339119254
1039.0754217952476
1039.089115096633
1039.1089728689099
1039.1388696940262
1039.1872155086346
1039.2210751944094
1039.2693773312133
1039.3490740755317
1039.429035200789
1039.5224709113481
1039.6046772459838
1039.68758931312
1039.7700170415053
1039.8620006685906
1039.9635405807953
1040.0690005938982
1040.1653902240403
1040.2833578859406
1040.3905379016592
1040.4989511241954
1040.594635865511
1040.6883415336029
1040.7943308454755
1040.9118565726128
1041.0193022941876
1041.1230525829085
1041.240057280097
1041.3428384397637
1041.4390116104814
1041.5641199879988
1041.6877723888886
1041.8204630756904
1041.967900826689
1042.1200062184907
1042.2360463747323
1042.3287884541585
1042.4301181007504
1042.5675147947934
1042.7122681685635
1042.8084467656197
1042.943382871214
1043.0662973899543
1043.1666570940893
1043.2738869635757
1043.4004665910259
1043.530511670702
1043.7120831901811
1043.8836077008039
1043.9920701349888
1044.0801519106383
1044.110580982766
1044.093635332229
1044.1336259846396
1044.063950082882
1043.9348767541853
1043.7324360785744
1043.5128207091986
1043.248352575919
1042.969176211524
1042.7248084897183
1042.4308337448983
1042.1520607351686
1041.869886662753
1041.562438426441
1041.225608750214
1040.8986030996941
1040.6012430487897
1040.3031778435322
1040.0109747063982
1039.754836412926
1039.539693114719
1039.3507948047338
1039.177573026129
1039.0154037322202
1038.8816339479085
1038.7446936703966
1038.6136537678788
1038.5051564196958
1038.380470007702
1038.293329310681
1038.234896878971
1038.195353487331
1038.1746992551039
1038.156511694889
1038.1231348611682
1038.102528205851
1038.104681250965
1038.1030119898808
1038.1186370045102
1038.1134373430054
1038.1175735113998
1038.1346980034546
1038.162875781496
1038.1967370739476
1038.2440707178387
1038.2884538707503
1038.3220497092502
1038.349260459908
1038.3563478911049
1038.3568317937413
1038.3604846861929
1038.3722401053278
1038.388663508244
1038.39086471373
1038.4168424852978
1038.4482377323197
1038.4948233455348
1038.5615795082908
1038.6376249799605
1038.7239746087314
1038.8142433513938
1038.903279399531
1039.0075073653416
1039.102180996564
1039.190514653097
1039.294040379346
1039.4088396436493
1039.5283073392588
1039.6394525620217
1039.755002096242
1039.8646519379759
1039.9642613212882
1040.0552839867219
1040.161541839141
1040.2744065300435
1040.4213575084264
1040.568794542397
1040.692935699223
1040.8318262918156
1040.9618679153398
1041.0891840418312
1041.1966382191574
1041.3121950429306
1041.4429855131357
1041.5926325029805
1041.7395920837632
1041.8821462517676
1042.0143959231013
1042.2020933824272
1042.3704131824632
1042.4997160239552
1042.649630424978
1042.81720774119
1042.908037435457
1042.9626682462094
1043.08717871603
1043.203880409548
1043.325509387448
1043.4859308099967
1043.6086546822519
1043.703867494206
1043.7417407909224
1043.7717126161124
1043.7049844157752
1043.6114907649446
1043.4198375865633
1043.1717330608058
1042.9263498780354
1042.643992036989
1042.355189454955
1042.0867387763828
1041.8104476670378
1041.5292302659664
1041.2217659489536
1040.9187080440374
1040.6283805000355
1040.3503365716742
1040.1103389205136
1039.8651890317135
1039.6384463288293
1039.4235053906707
1039.2478456813412
1039.1001047521468
1038.9590137380496
1038.8240893054096
1038.7386582175727
1038.6608455304688
1038.574492485705
1038.5026282225494
1038.4405373353975
1038.3750116549718
1038.317105044055
1038.269236806324
1038.2363409426255
1038.2063478003988
1038.1771524748015
1038.1636312376236
1038.156713384942
1038.1483441689866
1038.1605835443415
1038.1929478734914
1038.221877540052
1038.2692148925087
1038.3371612702206
1038.3950692215867
1038.4534137378416
1038.5088550865526
1038.5434219550336
1038.5630631412432
1038.5846402280688
1038.6123376594574
1038.6434700981868
1038.6591456871831
1038.6836739407481
1038.7185069312652
1038.7584923537772
1038.795792241146
1038.842163525535
1038.9089252777187
1038.9790761764505
1039.0536308245116
1039.117881137286
1039.1782126421747
1039.2478808409394
1039.3462624724289
1039.4542009045078
1039.562624526663
1039.691174780797
1039.8219281232916
1039.9556753733405
1040.0814991531656
1040.2085987473172
1040.3320007687084
1040.4667196950263
1040.5972160226618
1040.756205400744
1040.9098200905523
1041.0575352680485
1041.2084247575156
1041.3588676548723
1041.4805589672467
1041.6066574886513
1041.722451138808
1041.833092763964
1041.9425389386258
1042.0674094901678
1042.1454522300992
1042.2310772864769
1042.3059106701583
1042.3986675208077
1042.5014712052262
1042.5532294083805
1042.5827240805336
1042.6065792489067
1042.6159135276264
1042.6394755957378
1042.6892895747326
1042.7224453074912
1042.7759541148337
1042.8196426576615
1042.8397691969092
1042.8652758136884
1042.8711743998706
1042.8113133677311
1042.698916205742
1042.530580597575
1042.315382344815
1042.059447393701
1041.7827500725173
1041.5190175224523
1041.2351259602783
1040.9629985466072
1040.7099891446464
1040.4628808337118
1040.2193889510258
1040.0036399343385
1039.7972260899273
1039.5842055209216
1039.3922799689096
1039.2273505832436
1039.0945700703487
1038.98631910106
1038.886920684299
1038.8017465807034
1038.7195233475413
1038.6395015322496
1038.5798717198365
1038.513855757498
1038.4441388601726
1038.3894438231823
1038.3421029632075
1038.3020677651768
1038.2733536365386
1038.235785681679
1038.2197954770077
1038.1969838430664
1038.174922293889
1038.174922293889
1038.1835099154732
1038.173422200975
1038.1829773255113
1038.202087635103
1038.2356883400662
1038.2798605666633
1038.3294031639268
1038.367624756901
1038.4220545885798
1038.461292626048
1038.5098684545596
1038.5547434672835
1038.5667665091885
1038.5665007267544
1038.5765404381634
1038.575524944103
1038.5983375379062
1038.6410116243424
1038.6998939063872
1038.769831526498
1038.8432044566543
1038.9153439968743
1038.9862502450662
1039.0546898512077
1039.1248474456395
1039.1952247681666
1039.2710204646794
1039.3380087554115
1039.4005931872996
1039.460446575214
1039.5158961101672
1039.5799341402153
1039.6469232410109
1039.7215318418541
1039.800060393747
1039.883742124161
1039.9657063259363
1040.0218626444296
1040.058197877818
1040.089379964773
1040.1119735277662
1040.156633550339
1040.2025265753937
1040.282995125527
1040.3882600936624
1040.5001334402673
1040.6154837625566
1040.745808721287
1040.8648173817403
1040.9831185763992
1041.083009809615
1041.1779711476627
1041.2955255251848
1041.4054620986597
1041.523017051106
1041.6307140171282
1041.741884307723
1041.9006674475434
1042.029987850682
1042.200275948792
1042.3762050660473
1042.543320895809
1042.7185410531101
1042.9028377092561
1043.0623400724435
1043.2299468982549
1043.2858919473283
1043.2758120421715
1043.15432816919
1042.942542723721
1042.70988497954
1042.4367463238837
1042.1058793749432
1041.7139542153577
1041.3160942920172
1040.8831715502422
1040.4824461096202
1040.1197378348986
1039.789185160604
1039.4655063970267
1039.1830550933294
1038.9337258911046
1038.7045260799919
1038.4780130006288
1038.2851525134051
1038.0940111245022
1037.944577644581
1037.8154892584023
1037.7156004701058
1037.6213479794603
