CHIP_ID(id=88)
1033.69480705369
1034.7594855679026
1035.5553158774967
1036.118705751925
1036.5000132434322
1036.8192038890672
1037.0854829254674
1037.3147577409777
1037.4576855662317
1037.5701349749272
1037.6332218599646
1037.6485654199232
1037.6605680821076
1037.6757844230258
1037.707243192832
1037.7392324258517
1037.7613613234519
1037.7732379455256
1037.774597033209
1037.8108154697672
1037.8524486657095
1037.9274442539654
1038.0016918138376
1038.0960543023562
1038.2162104201147
1038.3221062854236
1038.400538485966
1038.4740417846178
1038.5257586162154
1038.5333292352404
1038.4903711787724
1038.4334603298228
1038.377517628206
1038.331125750665
1038.3291448411185
1038.3575782176072
1038.3709600229156
1038.3731162863487
1038.376020904106
1038.3578425169846
1038.3612756663802
1038.3838109908806
1038.3897534786984
1038.3758898322103
1038.3210515366438
1038.2516459634035
1038.1363379261072
1038.0163228567562
1037.9097230161697
1037.7597713946975
1037.5946814303163
1037.4347400385036
1037.2596637409038
1037.0826060418326
1036.947975863018
1036.919013913274
1036.9314630419185
1036.9299637090517
1036.9659596199886
1037.0088215775202
1037.0612107666614
1037.1221322235954
1037.1859538299607
1037.2566405309638
1037.3368758776558
1037.4325584238604
1037.5412227422032
1037.639058085037
1037.7551058805116
1037.8586577411809
1037.9122606954015
1037.971890409588
1038.0148400906273
1038.0389540578244
1038.042514975974
1038.0527231023889
1038.0649127120296
1038.0876669042884
1038.107252797282
1038.1390743931393
1038.1311944025222
1038.11666696894
1038.0859865464818
1038.0661356494993
1038.0438193513505
1038.0112032540535
1037.9734372923006
1037.9383557219135
1037.9003246925008
1037.861325965122
1037.8238253251882
1037.7847798744804
1037.7494327789482
1037.7283023749153
1037.7094193657415
1037.7010544621548
1037.6853392314263
1037.679174604732
1037.6556252872208
1037.6035947663242
1037.5118632562426
1037.4343485555517
1037.374483775894
1037.3114516633564
1037.247936133282
1037.196486153654
1037.1653206443304
1037.1375883248322
1037.1248221700707
1037.1191395743851
1037.1139896775505
1037.1159233616456
1037.1196229980153
1037.1277227378005
1037.145155393288
1037.1608222265618
1037.1713883266927
1037.1939217852528
1037.2179057592014
1037.251755207811
1037.3015380147297
1037.3439707588527
1037.3511033940576
1037.3417705711097
1037.3324377308027
1037.3468719814787
1037.3676894009811
1037.3821722492837
1037.4177385727755
1037.4535226039975
1037.4812070303342
1037.506425463181
1037.5130263530232
1037.5350774206124
1037.543660846853
1037.5387765815956
1037.535051222291
1037.5263457741776
1037.5171088828135
1037.5245546062613
1037.5231514248314
1037.5111829016073
1037.5271636835732
1037.548995849785
1037.5443773020502
1037.5397111685472
1037.5107947084084
1037.5016803712651
1037.5026476410364
1037.5139145169915
1037.5045821808073
1037.496217086801
1037.4677362765472
1037.4257882937907
1037.3885065333284
1037.3534249421905
1037.3512247832264
1037.3738065583584
1037.4201548832177
1037.4651216196826
1037.5227077140773
1037.5660286935113
1037.6191167895313
1037.7045683172514
1037.7506186130618
1037.8156287112274
1037.8944853107298
1037.96335633155
1038.0063067570256
1038.00982038766
1037.99889751045
1037.9760036572154
1037.9447910494387
1037.9185097445757
1037.8885295188832
1037.8715806738446
1037.8585490190285
1037.8472340328779
1037.8420367612937
1037.8395708180042
1037.8290048971392
1037.817689714354
1037.802504444463
1037.7775024963287
1037.7367843607665
1037.6985323253525
1037.6494962793856
1037.5979942470794
1037.5195082499379
1037.4628562442888
1037.4167221833748
1037.3791716423127
1037.340387778916
1037.289852912217
1037.2417845589512
1037.191733150878
1037.1352981852863
1037.0864799619055
1037.009710827762
1036.9106245120365
1036.7975885281903
1036.7218374741017
1036.6504866111588
1036.5727524384245
1036.517818509868
1036.4900841358865
1036.4775323988274
1036.471631777048
1036.4635313891386
1036.4659986427691
1036.464497513561
1036.4590799210068
1036.4651961282057
1036.4585968622428
1036.4504964491239
1036.4453463672087
1036.4362798520267
1036.4612796753486
1036.4845628690327
1036.5073630429963
1036.5272129432308
1036.5342954346477
1036.5521613214041
1036.5685779630599
1036.588428081206
1036.6048448079775
1036.6165945377513
1036.625877122976
1036.6275938521333
1036.6231426105808
1036.6183112621125
1036.6130482570331
1036.6016688462282
1036.5797221489713
1036.557724213112
1036.5322931534822
1036.5190946063858
1036.4990295522243
1036.4514896527055
1036.435013386084
1036.4136032669276
1036.4230911912448
1036.4476573543072
1036.4707227257466
1036.4775888892236
1036.5143865591335
1036.5773764591072
1036.6076386637983
1036.6212693903979
1036.6462173073796
1036.675348929713
1036.6684314795455
1036.6321151150705
1036.592314165484
1036.546067785117
1036.5224152046712
1036.4958636307713
1036.4904463362261
1036.5012292902056
1036.5449571146696
1036.5860028089373
1036.618948813743
1036.640628688023
1036.660376210083
1036.669823408983
1036.6784071834525
1036.7016913481673
1036.7315754113486
1036.7717602646997
1036.8070111282495
1036.8175279268328
1036.8316944681662
1036.8304609041902
1036.8409778010289
1036.8634614335006
1036.8813289549457
1036.8999468654113
1036.9224817487573
1036.9394336750267
1036.9301500242334
1036.934550206531
1036.9350334834294
1036.9340669296516
1036.9458176695255
1036.9568688248585
1036.9855209072496
1037.0040885915366
1037.0172894811487
1037.016322852809
1036.9891203920538
1036.9185140580348
1036.8610574867498
1036.8014004424554
1036.7535450114667
1036.712556802705
1036.6750021547116
1036.622263378535
1036.56340799475
1036.5089525378564
1036.4755820701612
1036.4667301878956
1036.4365780804487
1036.3548685781889
1036.266559646111
1036.1929511236276
1036.1620483649035
1036.1141920290813
1036.0690719333609
1036.0330188179141
1035.9999165856507
1036.0095203091173
1036.0083403634608
1036.0178899693587
1036.0803923280434
1036.1814162586074
1036.2821727916555
1036.3160265067827
1036.311090945329
1036.2838364538918
1036.2727844330711
1036.2398963829519
1036.1939711031048
1036.138281011251
1036.0252399885355
1035.9002396821438
1035.802224958519
1035.7267430176537
1035.6698769450811
1035.6252971593915
1035.5829170328036
1035.542198488108
1035.5039482802088
1035.4585622102638
1035.4171020064373
1035.4049834486761
1035.4179094141193
1035.4114694519287
1035.3479523449473
1035.284435376549
1035.2231176294915
1035.1591185210093
1035.1188832966395
1035.0823510148416
1035.0695823920264
1035.1212950967051
1035.1808961926008
1035.2385112613335
1035.289529171909
1035.3559972572234
1035.39710559419
1035.439120475138
1035.4663247724973
1035.5152925207062
1035.5697838139372
1035.6105981777766
1035.6399892168752
1035.6750689134008
1035.7332743668478
1035.7814488285178
1035.8426621298222
1035.9328485864005
1036.02282180553
1036.1044797953455
1036.19075225666
1036.26280763683
1036.3003110006305
1036.322845411723
1036.3534814681707
1036.2345099141853
1036.2893474897007
1036.3264262188457
1036.355294966438
1036.3690333242168
1036.38894106
1036.4062190352843
1036.4242480900293
1036.4435640576726
1036.4611632573412
1036.4738797268506
1036.4964147180158
1036.5128329988759
1036.5108482443254
1036.5100973758388
1036.5076295821445
1036.5323647483667
1036.5578508851881
1036.5743218546331
1036.5814573140271
1036.5785065212344
1036.576789594435
1036.5552203848883
1036.5392324592876
1036.5202935937787
1036.4945396137095
1036.4597180127282
1036.425647453695
1036.3937769144948
1036.351122030867
1036.3231151358254
1036.2894744103626
1036.2470343073248
1036.1888736210676
1036.129961543029
1036.0774341115264
1036.0460467523412
1036.0251751184426
1036.0084886783911
1036.0150877295914
1036.0356908172475
1036.0540942103678
1036.074911561697
1036.091812333858
1036.0854274002752
1036.0653069930804
1036.0461521324953
1036.024906503153
1036.0051130130437
1036.003990665038
1036.02314667009
1036.0314099968389
1036.0398873873837
1036.0280315531695
1036.0281392191926
1036.0573777954498
1036.0842021325195
1036.0992775691457
1036.0989019205103
1036.094877974105
1036.0967555207267
1036.0981501992264
1036.0909615174912
1036.067033872699
1036.045788904212
1036.0370432102382
1036.0094662221609
1035.9485721935032
1035.890145904981
1035.8290370981872
1035.789012638857
1035.793411630979
1035.8039264670267
1035.7742577207543
1035.7222703283528
1035.7176024934834
1035.7384181284037
1035.7522010565547
1035.7438783737357
1035.7515451573745
1035.78282135353
1035.817800733864
1035.8285297257885
1035.8238063574017
1035.803147805656
1035.759472654664
1035.7555006245705
1035.7642988978494
1035.7888188117338
1035.8459608811372
1035.8962352860174
1035.9389453719796
1035.990185389153
1036.045611014411
1036.097334266657
1036.1355905151306
1036.1689644024123
1036.1993871522313
1036.2329754693344
1036.258247323764
1036.258515676097
1036.266832234477
1036.271714845053
1036.265812661721
1036.2672612970446
1036.2588908565028
1036.2448865276829
1036.2350674265879
1036.2313650173978
1036.2354963065088
1036.2359791650867
1036.239413168928
1036.2325451616505
1036.2305597239272
1036.232759584045
1036.2273941572557
1036.2175750001368
1036.2107069946123
1036.2063073051415
1036.2131753028305
1036.1982051495665
1036.1846834829455
1036.1638109231399
1036.1424555034093
1036.1181488421917
1036.0803747552266
1036.0482344791462
1036.015128720453
1035.9714522210613
1035.94864854546
1035.9378087914738
1035.917204794216
1035.8953664934418
1035.8825958524812
1035.872562850182
1035.8705768572588
1035.8742798467638
1035.8840438710267
1035.8965455686857
1035.8890916574996
1035.8843752190032
1035.8829823095264
1035.8823960211794
1035.8716730415802
1035.873126925049
1035.8953916036967
1035.933108509875
1035.9656749848907
1035.9982416990917
1036.029843108696
1036.0661126865498
1036.1225028080587
1036.1852781026025
1036.2402201320276
1036.2951622651367
1036.3481727675642
1036.4168505688485
1036.4798946781052
1036.5289353672397
1036.5498543530794
1036.5659993684096
1036.5725408344906
1036.5892851957633
1036.5691070751673
1036.5688977317523
1036.5594050556272
1036.5382137868762
1036.5091883762925
1036.479841774724
1036.4379394741163
1036.3830509217046
1036.3455992224854
1036.274825684713
1036.208504933025
1036.1583882005782
1036.1004373028297
1036.0474231918279
1035.9897405690563
1035.9384432253203
1035.8864494711
1035.8533431965445
1035.8425583681753
1035.8560255273883
1035.8841943483862
1035.907694864307
1035.90254372875
1035.8848906211156
1035.8657340662214
1035.8549491540803
1035.8527494653595
1035.8515150681303
1035.8610655822365
1035.8681473258057
1035.8742637823534
1035.8732429451547
1035.8759253081435
1035.8812900451856
1035.8999086515746
1035.9089766439042
1035.9273816952843
1035.9489518734056
1035.985224101062
1036.0122145859923
1036.0440874310461
1036.0778913825288
1036.120067022284
1036.152423030125
1036.1852619712554
1036.2021643150845
1036.2151496812062
1036.2178324282438
1036.2231979333847
1036.212895266028
1036.1959928443391
1036.1846699993525
1036.158913346391
1036.1319223833361
1036.0671550676554
1036.000188021383
1035.9496403758205
1035.8993618484756
1035.856917096812
1035.820375508405
1035.795584343597
1035.7749792438017
1035.7624770236157
1035.7403680736002
1035.7069913740588
1035.6947586269528
1035.6834346493886
1035.6677113508072
1035.6480712979394
1035.6012273260612
1035.5532625037274
1035.5021908083809
1035.4790181463495
1035.4702771423217
1035.477471786153
1035.4917471962535
1035.5131601340602
1035.5172597812111
1035.5352501466027
1035.5709915889777
1035.622061873005
1035.6684648812666
1035.7083259608837
1035.7462571647352
1035.7863883954958
1035.816004488185
1035.841704134851
1035.8814091753109
1035.905447488958
1035.9218660740607
1035.9375330578496
1035.9424152044535
1035.9475663037292
1035.9448906107327
1035.9820657275225
1035.992643012283
1036.0129235018796
1036.0089574194878
1036.0134117215127
1036.0274660868847
1036.0367423809078
1036.0159176419545
1036.0017466104357
1035.9935333259343
1035.9833336639851
1035.980057651963
1035.9846154778738
1035.987242531172
1035.9891732841832
1035.994538347238
1035.999903425045
1036.0133716327357
1036.0310259650826
1036.0214193243553
1035.9951791339302
1035.9841243431038
1035.9576150310888
1035.9355053328204
1035.9467736668691
1035.976930937214
1036.0083227830091
1036.0127225237457
1035.9840131738858
1035.9690412451203
1035.9805788177957
1036.0149223969281
1036.0485142563405
1036.0639689132947
1036.0629481297112
1036.0774373825675
1036.094126532932
1036.110546712727
1036.1066295915946
1036.094823009503
1036.0390812909295
1036.0139097578792
1035.9968962991902
1035.9803652860762
1035.9704892565785
1035.958413272678
1035.9407029617114
1035.9230484228838
1035.91617967111
1035.9097935574528
1035.8999730612377
1035.888166053667
1035.8731939534957
1035.8459321246241
1035.817222445849
1035.7735406131421
1035.7456828944903
1035.7133256487598
1035.6802163620828
1035.6578928126946
1035.6397558773845
1035.6316524037998
1035.6168928774487
1035.6068023999464
1035.6043329457914
1035.6077673475666
1035.6215049587192
1035.6175310167112
1035.593931266555
1035.576873642623
1035.5529475380054
1035.5287518869225
1035.528056798555
1035.5234449773043
1035.512929520198
1035.498227580275
1035.4682840648195
1035.435176180797
1035.4162877703448
1035.4057150385079
1035.397611773911
1035.3929427639548
1035.4042103185516
1035.4257807113602
1035.4456340221843
1035.4659697987477
1035.4990779558552
1035.5537568848613
1035.6322634420462
1035.7004671828124
1035.7455958827359
1035.7578976338189
1035.769177104763
1035.7766963348943
1035.773160901014
1035.779591889678
1035.7909608578013
1035.812733729469
1035.8285023523376
1035.841263145184
1035.8410944571876
1035.8394777922097
1035.8312614777826
1035.8110806985626
1035.7695405934726
1035.719683508321
1035.6771776621858
1035.6413279194064
1035.619216157302
1035.5846010314763
1035.5504682667772
1035.5161230262988
1035.478343308572
1035.4437859166176
1035.4072412638498
1035.377083342913
1035.3618983727786
1035.3592164656047
1035.3768712269352
1035.392326422088
1035.3871166113845
1035.3959150037101
1035.448879789756
1035.5074790248184
1035.541284352683
1035.5226067126105
1035.4983525458038
1035.4607848480662
1035.423487242257
1035.4217699714661
1035.4241817568266
1035.4724777457443
1035.5440635784312
1035.6071209550341
1035.6703910299452
1035.7239123501683
1035.809180257741
1035.8856498387474
1035.9228915547392
1035.9255740873864
1035.9375952644534
1035.9444082265886
1035.9466081651915
1035.9411867433141
1035.9438693008603
1035.9406477958016
1035.9239571479434
1035.9175704488114
1035.9168183277864
1035.9057622274202
1035.89051929334
1035.8799457202308
1035.8659374448084
1035.8431295335952
1035.8276735408522
1035.812912954257
1035.800621890481
1035.7831787743648
1035.7733572674488
1035.7598883429187
1035.7341854426886
1035.6937952008336
1035.6534629787204
1035.614791771495
1035.595092995204
1035.5832850837314
1035.562891010899
1035.541531997898
1035.5199029960954
1035.5046603943429
1035.4844784114446
1035.4301043941741
1035.4019926598335
1035.3912650402165
1035.3905517160001
1035.3859791539878
1035.3723959169072
1035.3570372272852
1035.3376074234275
1035.3331501725245
1035.3460772328863
1035.3489712020196
1035.3621686152926
1035.3800354952098
1035.388621727405
1035.4016071610836
1035.4182393132319
1035.442010752192
1035.4371483870912
1035.445039856253
1035.466978269782
1035.4906731726107
1035.504180137564
1035.5108757284693
1035.509042531799
1035.510914098097
1035.5083861621674
1035.49383666769
1035.478592559987
1035.4616310309425
1035.4557262862522
1035.45229156083
1035.4395173460482
1035.4477755062987
1035.4582917615157
1035.4538339780024
1035.455763355862
1035.475407261803
1035.483241513749
1035.4871586456259
1035.480018780987
1035.462844897181
1035.4297322153461
1035.4103586648582
1035.4258151166664
1035.4162635493383
1035.397642790647
1035.4089117024578
1035.427050171107
1035.4442240083056
1035.4798067425945
1035.5232237899086
1035.5646533571135
1035.601413355214
1035.6276568136893
1035.645313292878
1035.6514303923193
1035.6567949801145
1035.655289923761
1035.6555022719378
1035.66553669822
1035.6989202145878
1035.7361635434722
1035.795733800022
1035.855574343114
1035.9095674467274
1035.9610908368322
1035.9944745916162
1036.0202363249116
1036.0371412730049
1036.032954173487
1036.011109890075
1036.0017703930043
1035.982608744079
1035.9359677285693
1035.9025837386603
1035.8566949923982
1035.823793482029
1035.805383992377
1035.7825745899577
1035.7683524809045
1035.7495180431406
1035.7372259242793
1035.718334027746
1035.697202793294
1035.681861286509
1035.6623326220906
1035.6612129324162
1035.6636827965099
1035.6484963834455
1035.6462965564654
1035.63722721608
1035.6362623328555
1035.6242406973083
1035.600679864268
1035.587423278768
1035.5817887386654
1035.5499112187508
1035.5177635705925
1035.467826573324
1035.4227144197046
1035.3848965271761
1035.3688631069977
1035.3644429488763
1035.3622218645253
1035.34417904801
1035.324206680913
1035.3113738884906
1035.3039635079328
1035.314420598063
1035.3237014219887
1035.3344291393166
1035.3481093715777
1035.37095331365
1035.3937975457277
1035.4117602633241
1035.4339696281415
1035.484411496305
1035.5385593336066
1035.5978601809243
1035.6500794731523
1035.6954290940657
1035.7427666295823
1035.7894094091962
1035.842382217815
1035.883815180968
1035.9178957106824
1035.9495635405144
1035.9753264066956
1035.9976542424938
1036.0008195474263
1036.013324853466
1036.036135373009
1036.0339352305134
1036.0228777155953
1036.010854986548
1035.984609428363
1035.9372138951749
1035.8672777147897
1035.792671542692
1035.7122181484685
1035.638847367723
1035.5770169053221
1035.5303736856856
1035.482824477385
1035.446545202458
1035.4048430065295
1035.3645877122183
1035.3395190962021
1035.311768390717
1035.2735012607743
1035.2339989264024
1035.206248134629
1035.1711451442957
1035.1507463707092
1035.1210668419465
1035.1129615191064
1035.085481657835
1035.0624010173392
1035.0498964815447
1035.040073644766
1035.029768709354
1035.0253695517383
1035.0236520648168
1035.0184996046594
1035.0141004623829
1034.8499532578594
1034.7386276337947
1034.8051523616987
1034.8467009689514
1034.8722807056367
1034.8877364991336
1034.8996669842095
1034.925397092691
1034.9382018090437
1034.9534773775079
1034.971977238246
1034.983728298326
1034.9931898144862
1034.9928284386135
1034.9899359455994
1034.9870434532415
1034.985597207309
1034.9808969172375
1034.9754432478278
1034.9642950842388
1034.9594742330662
1034.9492903172425
1034.927988958045
1034.8956303577963
1034.8634826991154
1034.836276340166
1034.83362403246
1034.8329601441467
1034.8441072002013
1034.8487167130988
1034.8636306972937
1034.8592318298508
1034.8704397078975
1034.858328420174
1034.85356876788
1034.8492910895511
1034.8550148475763
1034.8391656634794
1034.7774888451577
1034.6885431417127
1034.6029694646347
1034.5171220077216
1034.4526981481456
1034.3885454736296
1034.338822981596
1034.3080548830203
1034.2998861679728
1034.3143171557167
1034.3448968355694
1034.3743038719817
1034.3781367398885
1034.3977204693672
1034.4118795590675
1034.4160058764512
1034.4243212225874
1034.4120263795435
1034.4142256561101
1034.4171789311854
1034.4147701254049
1034.4233576915485
1034.4191686773283
1034.4051563121063
1034.3977417130336
1034.3778226370962
1034.3640824452152
1034.3459437689924
1034.3177093454988
1034.287548120018
1034.2615128917025
1034.2538886500902
1034.2327967578829
1034.197692203124
1034.1613517289186
1034.1267287060361
1034.0973220545357
1034.0649621041803
1034.04531514454
1034.0264225514466
1034.0207243338032
1034.018043715997
1034.011655222641
1034.011655222641
1034.030275014206
1034.0842723718667
1034.1733107332927
1034.2927835285197
1034.4080679228548
1034.5206720560282
1034.6367119656522
1034.7355768846237
1034.819255859645
1034.888651196383
1034.920049661881
1034.9573544782832
1034.9776940223458
1034.9985765252516
1035.0280469041652
1035.0687869041446
1035.118596977009
1035.1774772432402
1035.2250877634922
1035.2564866980338
1035.27956870857
1035.2803817374763
1035.2763129631014
1035.2705863512522
1035.2711879854783
1035.2840236298675
1035.3159634392148
1035.3564908236276
1035.388430351863
1035.383361995051
1035.3966441115515
1035.404655276513
1035.42812315873
1035.484294308246
1035.5341962159803
1035.5696644912707
1035.5796991667896
1035.5828638080839
1035.5634303023876
1035.5314916679556
1035.497353045621
1035.4740017866643
1035.4391689848621
1035.4013834971954
1035.3920429202421
1035.3637756130308
1035.3293325871184
1035.2840437203552
1035.2248043752938
1035.178221888589
1035.1490571833651
1035.1303475232105
1035.1079905814977
1035.0841861553627
1035.0749350733806
1035.0730965468972
1035.0546247379748
1035.02708277451
1034.976729946918
1034.9300836161672
1034.9003414822325
1034.874577655521
1034.8605652970534
1034.853694940225
1034.839954231433
1034.8298589522278
1034.8229885890514
1034.8146108481592
1034.805961305296
1034.7853501253906
1034.7661847296067
1034.7536796210923
1034.7261980732933
1034.6977527735974
1034.67885926169
1034.6560487137906
1034.6346837750739
1034.615790294753
1034.5954513154443
1034.5674881484017
1034.550794144545
1034.538980719304
1034.5274394287585
1034.5195428998895
1034.5119185401838
1034.5160450929889
1034.5185166937017
1034.5045037199015
1034.4968793116163
1034.486783246104
1034.4747600570256
1034.4632186366512
1034.4548400830097
1034.4369099742198
1034.42687673296
1034.4084648886796
1034.3986410295545
1034.3927971934268
1034.3935513303677
1034.4028303616722
1034.4099731394804
1034.4011127644833
1034.3912889095282
1034.390053037362
1034.3952058323732
1034.440072825568
1034.4830129706204
1034.5188731862818
1034.5622951756234
1034.6297638586946
1034.6758674681457
1034.717906181846
1034.7512328005123
1034.7804941216566
1034.7957173258349
1034.8035259973344
1034.8173894408847
1034.8370975710006
1034.8700027366667
1034.9033898449215
1034.9399405563772
1034.9760093052364
1035.001019275614
1035.0255472462738
1035.0309106609336
1035.0159664795742
1035.004396802773
1035.002589575321
1034.9894526524106
1034.9738449881638
1034.9454617618833
1034.9405487583906
1034.9416020211881
1034.948139926938
1034.9559133450166
1034.9531709384005
1034.9430763105256
1034.9375913447973
1034.9186373398952
1034.9048358668324
1034.9058270016571
1034.9094114305228
1034.9103142434246
1034.912391402554
1034.9029884273705
1034.8933750224567
1034.8945493003546
1034.8910526520708
1034.885628050946
1034.882946464702
1034.8832181686362
1034.8738763286983
1034.8696873707986
1034.86426273378
1034.855402802191
1034.85169576195
1034.8381648051013
1034.828551027303
1034.8145380227643
1034.802242628823
1034.7907010059207
1034.7823846504007
1034.7831384576964
1034.7853380235763
1034.7963358811116
1034.803416545988
1034.81516827645
1034.826920042336
1034.8234847198414
1034.834272630565
1034.843342891425
1034.843342891425
1034.8394256189174
1034.8364722361678
1034.8399075635937
1034.8470500367855
1034.8566022533469
1034.8556383464856
1034.8548845894477
1034.846296271473
1034.8408714530005
1034.8268582775056
1034.8268582775056
1034.8320112798401
1034.8357184567446
1034.835508350346
1034.8308373055033
1034.815378347743
1034.8063081134496
1034.798955549288
1034.8053442575572
1034.7891933895007
1034.7756621668161
1034.7538145518797
1034.7272958545855
1034.6941785480653
1034.6537088622347
1034.6024516206264
1034.575451156579
1034.5477593425458
1034.5266659157949
1034.5168418888302
1034.518559524286
1034.5139511969605
1034.517868241126
1034.5456008929707
1034.5808486582584
1034.6260007925084
1034.6680728611022
1034.6887796449341
1034.6951411909465
1034.7365351467995
1034.745630834838
1034.738638194827
1034.6920656218076
1034.6969109323545
1034.7062161949698
1034.6971468446964
1034.685334605768
1034.6718048266107
1034.679663659597
1034.6802321179575
1034.6786009806542
1034.6823942370129
1034.679589073789
1034.6721749477829
1034.6728667735642
1034.6669602171057
1034.6377613915301
1034.6124795944902
1034.5906329457882
1034.5803274914183
1034.5788196603175
1034.5859847270935
1034.5949297686734
1034.5921236195113
1034.5827190208965
1034.5698790333083
1034.557038899257
1034.545978998186
1034.539799739017
1034.5419991779418
1034.5444708866862
1034.5469425888834
1034.5496238262892
1034.549351565944
1034.5529964007
1034.5588406976144
1034.5784889764823
1034.5991008664166
1034.6233577532948
1034.651804062889
1034.6711802529724
1034.6925462175982
1034.7070414848683
1034.7129483991907
1034.7082772772792
1034.6987252068411
1034.681276490959
1034.6511125007498
1034.623148089786
1034.6177229368152
1034.6081709818898
1034.599582685719
1034.5764990839914
1034.566674931701
1034.5549235864755
1034.551006479272
1034.5534781971169
1034.5507969523971
1034.555530814294
1034.5606837507564
1034.5694815578877
1034.5755981242737
1034.5787612045997
1034.592230234817
1034.6010281437336
1034.6162149191503
1034.6388167237938
1034.6525580377959
1034.6662993582845
1034.6790769657769
1034.7026424069957
1034.713912153762
1034.728889279504
1034.730125060957
1034.729643174917
1034.7200910839135
1034.7154199727213
1034.7127385524727
1034.7137023086557
1034.7085493170669
1034.70339632639
1034.695561934953
1034.6788671880886
1034.6495196129895
1034.618097677083
1034.593484279612
1034.560952345944
1034.513337318947
1034.5244814102673
1034.5292995923303
1034.5503294629123
1034.5672327682998
1034.5912782880482
1034.6162875472314
1034.6241214387492
1034.631473479118
1034.5204706455086
1034.5738463699156
1034.5952593407596
1034.6071829802454
1034.6111245046397
1034.600362142131
1034.582791273692
1034.5630206296244
1034.5444852702674
1034.5499951115587
1034.5574945620453
1034.5544789343264
1034.567403171356
1034.572765620968
1034.5865061900483
1034.6002467656142
1034.6116634770085
1034.6127746879517
1034.5978831596613
1034.5901338488407
1034.5919986458746
1034.6056772392483
1034.6284259824185
1034.6342704749068
1034.6526828098965
1034.6661519471786
1034.6703412003958
1034.6612710749996
1034.6544004627146
1034.6553641624444
1034.648975391135
1034.6452055377963
1034.6348995593878
1034.631673908798
1034.628448238334
1034.621577562421
1034.623295231247
1034.6134710437018
1034.600211510654
1034.5994574735573
1034.5989756575152
1034.6009029217928
1034.6156079593611
1034.6303130315887
1034.6413731118218
1034.6335387366532
1034.636010418658
1034.6279038806754
1034.6151261362036
1034.6053019047622
1034.5849620561726
1034.5557616516935
1034.537139603515
1034.5189993939157
1034.5057398571662
1034.5034774628011
1034.4941349746387
1034.4904272405286
1034.477921786329
1034.4781311208878
1034.4742140237556
1034.467343333264
1034.4582732308288
1034.4475486434428
1034.4387510522886
1034.4338705354164
1034.419165832865
1034.3997899260726
1034.3855670022276
1034.3919558931814
1034.4000624284565
1034.410431564647
1034.4226643483128
1034.4376414525336
1034.4496649950468
1034.4668414929658
1034.4737120949715
1034.4788650475398
1034.4891709554129
1034.4955597960916
1034.5021372588512
1034.5127153479295
1034.525618262879
1034.530624211886
1034.521135242262
1034.5175531051382
1034.5024296703375
1034.498093571746
1034.5162954709804
1034.5401317953963
1034.5671310829973
1034.5821696676253
1034.554036572484
1034.5390998573034
1034.5319345866105
1034.5274503786825
1034.4989217879158
1034.471567045507
1034.471901204279
1034.4861845327537
1034.507237060942
1034.5119310113448
1034.5176113468792
1034.516103567326
1034.5151399415233
1034.5239372768528
1034.542076143612
1034.590128068054
1034.5964930158736
1034.6323131183792
1034.6664163075507
1034.686359415926
1034.6945513842873
1034.6865929362707
1034.6578129045354
1034.6381026746524
1034.6093221934605
1034.5820495250555
1034.5422714475949
1034.512799177678
1034.494868610183
1034.4745292278503
1034.4615422256038
1034.4625057285982
1034.4543992650206
1034.441894027148
1034.4377676857468
1034.446083463954
1034.4355683099875
1034.4279436021955
1034.4276711670116
1034.4289070717489
1034.4323423493793
1034.4070595004225
1034.3955177522453
1034.3861753474475
1034.3856936354205
1034.3878929870893
1034.3881021957363
1034.3910557682907
1034.4038334692525
1034.4114582275176
1034.4215547864314
1034.4269801327143
1034.4343324125746
1034.4296612392036
1034.4276711670116
1034.425953527572
1034.425953527572
1034.411730689679
1034.392082475562
1034.3685172533578
1034.344470335497
1034.3294932961253
1034.3121078735333
1034.3118352644588
1034.3105993035444
1034.3022837542492
1034.2892970047524
1034.2927322642076
1034.2914962989662
1034.287097712414
1034.288333677489
1034.2888153411116
1034.2895696409269
1034.286407023179
1034.2937591884834
1034.2903239374036
1034.2962311023484
1034.2986394465343
1034.298157777661
1034.3002115660088
1034.3040463738478
1034.2916495472357
1034.2794616657789
1034.268382966024
1034.2523609963118
1034.2453450415696
1034.243690785669
1034.2569685748456
1034.2738079843427
1034.2870032325145
1034.3328316043421
1034.3865568307672
1034.4110840730593
1034.4231068313861
1034.4365748901537
1034.4650191112673
1034.5006057594862
1034.5379099620625
1034.5678621513746
1034.5826284154302
1034.611344809319
1034.6290021207042
1034.615533724162
1034.6020653696298
1034.5898327457057
1034.5462027985939
1034.5074535849826
1034.4853979105744
1034.5155818650705
1034.5548359875531
1034.5718869627574
1034.5617227659213
1034.5947988850655
1034.6365256750246
1034.6888928711087
1034.7182400619843
1034.759610864984
1034.7818781347717
1034.7919120466265
1034.797485114538
1034.7731663521706
1034.7412231479416
1034.7053626474087
1034.6658569603942
1034.6354213478498
1034.6181825541453
1034.6054050799785
1034.6034152708917
1034.6051329157044
1034.602661274762
1034.602661274762
1034.594554863871
1034.586238828338
1034.5911821247596
1034.5749693455055
1034.5673447532351
1034.5690623959197
1034.595790689905
1034.6429211272264
1034.676310363574
1034.707228032541
1034.7281118103424
1034.7313371838513
1034.7325729350914
1034.7374539088084
1034.7254303842303
1034.7053005179637
1034.685652513331
1034.657206478776
1034.6498540577363
1034.6365947720194
1034.626561047982
1034.6104107835408
1034.5986595058096
1034.5913071633956
1034.5851906367584
1034.5741308809315
1034.5640347219457
1034.5527653346603
1034.5329078443672
1034.519104087827
1034.4891921264416
1034.4822589055073
1034.4807507652652
1034.4836413813118
1034.4868043095664
1034.4786979765895
1034.480625040555
1034.479870947019
1034.4703822085162
1034.4634280900673
1034.4530387742523
1034.445058298908
1034.4266886344442
1034.4123826399677
1034.4014490199352
1034.4114191293502
1034.409157061854
1034.4027058460094
1034.3877297347785
1034.377424500085
1034.3741988116658
1034.3697372866911
1034.355787577852
1034.3452099363471
1034.3469274801062
1034.3444558233546
1034.336831519762
1034.3397849004466
1034.3317218900593
1034.312599662314
1034.2995304640829
1034.2905873476898
1034.2747744664746
1034.2604068234643
1034.2519456002499
1034.276219580329
1034.2907967190752
1034.3321202482718
1034.363265435865
1034.3917301255708
1034.399437927356
1034.3970495767076
1034.3822823309308
1034.3957506523357
1034.3976775704093
1034.3910164877984
1034.398096199706
1034.419607873603
1034.435485109655
1034.4312957300094
1034.4381662182636
1034.4484719536856
1034.4639305636595
1034.4793891818422
1034.4901767023036
1034.4936119548759
1034.5031636413187
1034.5222670747091
1034.5217852892272
1034.5092800863051
1034.5136789100936
1034.519041307206
1034.5195230901436
1034.5217225112915
1034.5241942168166
1034.5239847079363
1034.5048812700197
1034.4815885726464
1034.4703192988482
1034.4563059517777
1034.4479902043333
1034.4423555921007
1034.4499801953111
1034.443382091922
1034.4377474967862
1034.43259465091
1034.433558137086
1034.4350033664857
1034.441873845419
1034.4656481874965
1034.4860502285146
1034.480687914558
1034.4667375453005
1034.4628205583185
1034.4593853331712
1034.4542324962104
1034.4559501084293
1034.449352011607
1034.4576677207497
1034.4586312348447
1034.4576677207497
1034.4554683522872
1034.4532689857
1034.4415180752287
1034.4321759233617
1034.4360928866467
1034.4329300406475
1034.4243420085998
1034.4002955323451
1034.3740497570275
1034.3570002012584
1034.3353430016823
1034.322483075206
1034.3115500298045
1034.306942302421
1034.3020621362039
1034.293746911441
1034.2905843050469
1034.2284463756257
1034.1594395281963
1034.1633766370855
1034.1629154879267
1034.164234476899
1034.1568202910357
1034.1615935799286
1034.1629946952266
1034.1566255953871
1034.1606243603237
1034.148811123179
1034.144412916903
1034.1456487578898
1034.1466120191033
1034.1581526924153
1034.1632416286757
1034.1621513273794
1034.1627784449274
1034.1572897217047
1034.1649957553925
1034.1663132776514
1034.1644682773633
1034.170456636743
1034.1669577029086
1034.1676482112928
1034.1614684092337
1034.164085324391
1034.1603773979637
1034.1502807078316
1034.1654662429526
1034.1738453400064
1034.1824332854071
1034.2195296754103
1034.259515867972
1034.3191499077611
1034.382700923753
1034.4570394436562
1034.5282152302032
1034.6064712131674
1034.6876809170926
1034.7421627948265
1034.7622923139093
1034.7782328153503
1034.7578932475935
1034.746623728068
1034.7242947419495
1034.692895831116
1034.6577897493407
1034.630789841924
1034.6047536022636
1034.5704638896548
1034.5515702640819
1034.5508162793908
1034.5517798964884
1034.5461452754853
1034.5341220499934
1034.5255340348253
1034.5164642312134
1034.5056768389745
1034.4988064401482
1034.4845838722251
1034.4747600570256
1034.4597834403464
1034.4460426591809
1034.445560904224
1034.4384811064856
1034.4296207940333
1034.4232321600791
1034.407292073161
1034.3932789211797
1034.3761029764794
1034.363116395587
1034.3520566709249
1034.334880750547
1034.3199041208845
1034.3022465297495
1034.2740108537255
1034.2615060685612
1034.2529181295713
1034.2428852390417
1034.23676918893
1034.230026109461
1034.2328341287127
1034.2391406270826
1034.236104995755
1034.2337600858543
1034.2252358993003
1034.2171934099179
1034.209632609477
1034.1888135030058
1034.164077865381
1034.1254388521857
1034.100412989819
1034.088099997984
1034.07936741765
1034.0931252032835
1034.099322636929
1034.1011218697518
1034.1051837365333
1034.1093092596523
1034.107046499094
1034.1050563682556
1034.0977048512575
1034.0830018432534
1034.0773678257228
1034.073932878874
1034.0858914226185
1034.0836109441857
1034.0849742033888
1034.0932888306534
1034.0845562609852
1034.079085299299
1034.0761493044547
1034.0759575596878
1034.073903296905
1034.0809181993682
1034.098511152772
1034.1187849642413
1034.1326703096527
1034.1417397113592
1034.1436661291496
1034.1578882567476
1034.1637952906908
1034.1657855695832
1034.1709382560728
1034.1672942201094
1034.1609056009995
1034.1510818574136
1034.1515634670664
1034.157679373118
1034.1726558184384
1034.197455999346
1033.9986892335107
1034.02995114651
1034.080565475016
1034.1460103941056
1034.204023485007
1034.225134190908
1034.2551050962425
1034.2983980631225
1034.3463624959286
1034.360521475211
1034.3601861097404
1034.3655481009075
1034.3743452093677
1034.4062246411695
1034.4317156934414
1034.4569345840243
1034.4848347648553
1034.5176783039105
1034.5441334744012
1034.5507316681155
1034.5688711972011
1034.5830937560315
1034.5835755844962
1034.5799306808478
1034.582130099155
1034.587010771618
1034.5848113486634
1034.5840574129795
1034.5820677047966
1034.5666093379773
1034.5622105122397
1034.5376824028033
1034.5200246958639
1034.4989318412058
1034.4692510958935
1034.4530387742523
1034.4414974320323
1034.4375805065395
1034.4199229181093
1034.4191688235558
1034.4226039929758
1034.38863029888
1034.3676639601224
1034.353567920109
1034.334047127485
1034.2431704712374
1034.2431914226765
1034.2452018181452
1034.2401959702263
1034.2450129063964
1034.2349176441128
1034.2234201490417
1034.2404683091022
1034.2562808906298
1034.2698944609822
1034.2600510242755
1034.266313167693
1034.255191506354
1034.2418705751782
1034.226622801157
1034.2101391819174
1034.2064318159155
1034.198807854144
1034.1985353786624
1034.2068502177685
1034.2161284161368
1034.2236891779917
1034.227333339141
1034.2336583361323
1034.247398201351
1034.2509791979232
1034.2623935548977
1034.2757347278775
1034.2852224862572
1034.290793531927
1034.3083873930711
1034.322881876701
1034.3351139731997
1034.351262934477
1034.3586148628942
1034.3686478046882
1034.3720829171655
1034.3781990458767
1034.396610455123
1034.4078792978958
1034.415231290814
1034.4262907208056
1034.4314434049745
1034.430961648126
1034.4172211660605
1034.4056799932505
1034.3863051051267
1034.3683754216768
1034.351199840042
1034.3352601175427
1034.2989822601382
1034.2727373397597
1034.2663488222095
1034.2526084382366
1034.2361871971818
1034.2351603909883
1034.2420305882422
1034.2709564164456
1034.3220013745201
1034.366385472509
1034.4190852762956
1034.460306968907
1034.514033538153
1034.5592347725635
1034.591868684127
1034.6171504734634
1034.6235389234719
1034.6179043459138
1034.612751623642
1034.610280170684
1034.6004565616715
1034.5805995695214
1034.5678226404807
1034.55380993275
1034.5413050948825
1034.5158136718915
1034.4888143512067
1034.4738380098888
1034.4591339197623
1034.4375596090756
1034.4326163796866
1034.426981926571
1034.4240285474084
1034.4294535474796
1034.4297258434835
1034.419211031338
1034.412340802464
1034.3874574121269
1034.3684180298574
1034.347996591547
1034.3275124306158
1034.3138984221391
1034.29071322081
1034.280178415739
1034.2675910411979
1034.2635906985954
1034.280576337231
1034.300305800737
1034.304159595396
1034.2259953736136
1034.2476727107949
1034.2615798607897
1034.2724498943028
1034.2620615787148
1034.2337457824224
1034.2242583672846
1034.2321750890605
1034.242290872741
1034.2502075560062
1034.2542705869287
1034.2520085470567
1034.215755389845
1034.2101422370686
1034.1709978287452
1034.100229782445
1034.074633291356
1034.0876367684216
1034.0870097074321
1034.102484923134
1034.110127148696
1034.1127442021789
1034.1133711152115
1034.1071917400882
1034.0995675179327
1034.0946239659588
1034.109263342103
1034.1195683340206
1034.1410778918635
1034.161896996243
1034.1866964129454
1034.213694967018
1034.2325876162295
1034.2468094042554
1034.2563603370254
1034.275943948175
1034.2960093517172
1034.308513762677
1034.307068662251
1034.293600881922
1034.270582168134
1034.2496994354779
1034.2391217878205
1034.2312883720097
1034.2150764756902
1034.1893772092176
1034.1778998145644
1034.211286691675
1034.2588952930687
1034.2922189770707
1034.305205000395
1034.3348845590026
1034.3495881844221
1034.3598933327899
1034.3721883284538
1034.3994592344015
1034.4389622538324
1034.4968138604363
1034.5564457217276
1034.6295460117267
1034.684297334969
1034.7539629086918
1034.8069352235332
1034.861896947658
1034.8599077878043
1034.8272742053873
1034.800065015314
1034.773337867783
1034.754234660137
1034.7453751770436
1034.72572846336
1034.7183763652397
1034.7244928319121
1034.7244928319121
1034.7291635567958
1034.7394688395354
1034.7507379825204
1034.7382332143018
1034.724010916794
1034.696987234562
1034.660894544881
1034.6458324050398
1034.631882470695
1034.6189581483852
1034.600609664957
1034.5844606103974
1034.5832250120675
1034.5739458631333
1034.5634311538188
1034.529082098659
1034.4854307554128
1034.436837985415
1034.3974624155026
1034.3747792824768
1034.3449549157388
1034.3163040348093
1034.300388149315
1034.2948386280361
1034.2947132910608
1034.2981694257714
1034.3060236807837
1034.3070499421542
1034.3038873335825
1034.3106314655085
1034.30286107302
1034.2913835732202
1034.2996356330068
1034.2953629826736
1034.3038873335825
1034.3110503482276
1034.3168310162444
1034.3241197400546
1034.3250203004156
1034.3041382077456
1034.2800304072364
1034.2694530853882
1034.263001652214
1034.2761967664478
1034.2856845151337
1034.3072580272983
1034.3126829461676
1034.3281405281355
1034.355411280339
1034.3939504831455
1034.4344793570879
1034.4820877807417
1034.526533259905
1034.5699528268256
1034.6116549865571
1034.644559648594
1034.6690867458738
1034.6884613329323
1034.7147060326797
1034.7338705025552
1034.7599049953258
1034.7775621312985
1034.815075979118
1034.8347223238054
1034.8511440201153
1034.8712723513793
1034.9083044769413
1034.9443726512907
1034.9544064362408
1034.9629941190924
1034.9770057999233
1034.9797481350638
1034.985382785285
1034.9706784315795
1034.9554313040467
1034.9340674540595
1034.9127035756067
1034.8803419907956
1034.8455094553249
1034.8062780194473
1034.7827146915606
1034.7481540797442
1034.7169670758942
1034.691476146469
1034.6604743817559
1034.6516150887485
1034.648933813395
1034.6484519239007
1034.673250534392
1034.716669825351
1034.7615964310558
1034.8081792691999
1034.8464463512662
1034.8636214178907
1034.8824530371749
1034.8601588691722
1034.8438594631152
1034.8241252917405
1034.8146350186566
1034.8095436520925
1034.801499413143
1034.7921587572728
1034.769621635328
1034.7387078613795
1034.7061379771856
1034.671307614094
1034.6528979096236
1034.6093063918095
1034.5671000153247
1034.5351369222071
1034.485457534067
1034.4540882341973
1034.414675047386
1034.3716165799135
1034.319760986413
1034.2804083038468
1034.2619360873587
1034.2532863490328
1034.2483436054113
1034.253705222452
1034.2561137579169
1034.2526789531146
1034.2550245935427
1034.2585222938374
1034.2671093295687
1034.284094981776
1034.291111289496
1034.3214806627377
1034.34106379465
1034.362364478714
1034.3736327126849
1034.3809842963701
1034.391289042905
1034.4035208682214
1034.4076471791695
1034.4112917287057
1034.4095742584705
1034.3975519696614
1034.369590721372
1034.3320787436842
1034.3026724929723
1034.2879694196015
1034.2881788016466
1034.297247806097
1034.3131866654649
1034.3389485933492
1034.3623018050791
1034.3978867159603
1034.409636798163
1034.4099089454298
1034.4114167729115
1034.4040651696557
1034.3864088419032
1034.3812564766909
1034.3866810096215
1034.3982214123037
1034.4134063627303
1034.415123818747
1034.4136784890966
1034.4112071320028
1034.4148516899095
1034.415605595333
1034.416087371938
1034.4165691485605
1034.4136160062449
1034.4184962552335
1034.4216590503288
1034.4250939804308
1034.432445624766
1034.4459132595935
1034.4356084427409
1034.4260575392539
1034.4226226056394
1034.4307281583806
1034.4426879968214
1034.483153515902
1034.5192205568137
1034.546700237026
1034.5793323909702
1034.5680637949301
1034.5369393002202
1034.5253988061816
1034.5065065838064
1034.4836976192628
1034.4618522887497
1034.439734835865
1034.4017408458812
1034.3805651323303
1034.368521142505
1034.3641006723826
1034.3713672185502
1034.363177116612
1034.3644750617925
1034.3452664065667
1034.347294614314
1034.3494700563506
1034.34148952651
1034.352274926086
1034.3586002370646
1034.3558573795547
1034.3677780720143
1034.3594246150433
1034.3467346130465
1034.3252476894188
1034.3153627467718
1034.309184604427
1034.2966186409424
1034.2902308553334
1034.2816439572268
1034.2853509075474
1034.2792353234238
1034.27827187003
1034.2775179484968
1034.2659780465456
1034.2633812314716
1034.2622293854624
1034.2618313586668
1034.2536630254988
1034.249683502729
1034.2375984547639
1034.2257857010684
1034.211292109704
1034.2033958204022
1034.190347143448
1034.1738634969638
1034.162259602482
1034.149692319647
1034.1393875617728
1034.1320360983855
1034.1230307317471
1034.122067483699
1034.1279740254033
1034.1414410622106
1034.1630137695763
1034.1941371380506
1034.2071226855892
1034.2083584809698
1034.220380709486
1034.2286955845402
1034.2210716060347
1034.2028703288433
1034.1950371381495
1034.1886489256271
1034.1754542302922
1034.1737367688731
1034.1669303236772
1034.146320870745
1034.1374610405082
1034.1354710147048
1034.121186156272
1034.1099181537597
1034.1038025498615
1034.101058222751
1034.0910260982175
1034.0939157281975
1034.0975596164171
1034.1007219051091
1034.107591788541
1034.1210589383106
1034.1269655964534
1034.1218131777496
1034.1178966167288
1034.117687622219
1034.1240758760352
1034.1248301021205
1034.1162427727377
1034.1017488033958
1034.0836109441857
1034.0742693528864
1034.0588121733747
1034.0578490001158
1034.0595664623445
1034.0669179032834
1034.07234297483
1034.0873185285666
1034.105937980822
1034.1147343006803
1034.1009764898545
1034.0664459237137
1034.0441834068263
1034.0248742036176
1034.0045383072363
1033.9827577639808
1033.9506731835759
1033.9431133285918
1033.9644758330655
1034.002848025464
1034.0779091497736
1034.1570939306625
1034.2327394301044
1034.2973909096743
1034.3313408125784
1034.3529125141954
1034.3749660558042
1034.4018997751598
1034.4155765390956
1034.4108440835962
1034.4103001089652
1034.406321349169
1034.4067409045135
1034.426533594918
1034.4404826015248
1034.4279556940364
1034.431304775208
1034.424831362216
1034.416874209232
1034.4122039326203
1034.4175270374833
1034.4150787928277
1034.4063045979187
1034.397802155123
1034.3798111996725
1034.3701351474351
1034.372271689485
1034.377843170467
1034.385404370125
1034.387603606027
1034.3978458448487
1034.404715798402
1034.4191470637745
1034.4291798525371
1034.4396944478349
1034.4549423164146
1034.452533385578
1034.4419562703388
1034.4304155755096
1034.421074138304
1034.4060984283535
1034.3874782057992
1034.361715814373
1034.3457766595964
1034.333063092443
1034.3242662646114
1034.3262560564851
1034.3318902197884
1034.3336076998849
1034.3384878471625
1034.336498063072
1034.333063092443
1034.3217947425692
1034.307845509077
1034.2958231611692
1034.2776849890051
1034.2722601757896
1034.2776219201164
1034.27343286682
1034.277831225222
1034.2741238540655
1034.271652265111
1034.2708981596013
1034.267735598031
1034.2706888806006
1034.2748779512433
1034.2809938022115
1034.2893088551148
1034.2875913648866
1034.2890364655518
1034.286627964534
1034.2886178359176
1034.2954877806867
1034.2998861679728
1034.3018129967772
1034.3003678751465
1034.2991320922793
1034.3062113987362
1034.3143171557167
1034.3275753861706
1034.3364351713606
1034.3223393771127
1034.3111340025944
1034.2906502958954
1034.2831523208251
1034.2900849921002
1034.2937921605312
1034.2955095984448
1034.2756543695505
1034.2749003501685
1034.2923470080898
1034.2860218439812
1034.2860846827373
1034.3032589259374
1034.1853773899634
1034.210676468747
1034.1945535563705
1034.1620743056994
1034.148274295693
1034.1742419717405
1034.2495733318
1034.338288475441
1034.440115263549
1034.5245611265186
1034.5661362506753
1034.579060026783
1034.5865600481975
1034.5840019349457
1034.573426041495
1034.5764043336897
1034.5868823628564
1034.5974219288707
1034.6180561650672
1034.6254944255782
1034.6108770746346
1034.5847807209932
1034.5650722799553
1034.5439181506163
1034.5235177740726
1034.5092334923202
1034.4976926682307
1034.4827167992605
1034.4618344169514
1034.4474028902284
1034.434688940244
1034.3940132285438
1034.3628887501402
1034.3351364822292
1034.3196790036063
1034.3115101991648
1034.3092479290672
1034.2984611787715
1034.2768245370708
1034.2654928720135
1034.2529886037698
1034.2441285466555
1034.236776824273
1034.2261992218218
1034.2161032428148
1034.211159780948
1034.2049804167882
1034.1912402249216
1034.1787359280738
1034.1745466258765
1034.1779816729647
1034.1731017309264
1034.1674675399775
1034.1645777664812
1034.1555085714967
1034.1527641423547
1034.1448671252529
1034.134770924327
1034.1090080810538
1034.0810461566
1034.0594727826658
1034.0513667691305
1034.0504036322216
1034.048477358621
1034.0448335771177
1034.0452510868724
1034.0361819519148
1034.0307565721325
1034.0304837276285
1034.0341274781254
1034.038798483759
1034.040034443643
1034.0483492221051
1034.044641339124
1034.0423616923858
1034.0496492521568
1034.0618806471173
1034.0839356574363
1034.0876901823167
1034.0875274733326
1034.0909444296258
1034.092852624089
1034.0951787078404
1034.1043743006226
1034.1113706718038
1034.1416122780493
1034.172399248006
1034.1912277359695
1034.201950814827
1034.1903907761182
1034.1768409498961
1034.1897429406627
1034.1920680339106
1034.1987911227693
1034.2042784162359
1034.2259545456304
1034.2370964491022
1034.2372428182964
1034.2234403785465
1034.207501857546
1034.197678973477
1034.1932807848127
1034.193071533101
1034.2021600454104
1034.201950814827
1034.2236063944774
1034.2496605522879
1034.2767416060544
1034.3293763205174
1034.4075650876066
1034.4602639245766
1034.498259258052
1034.505339070806
1034.5025954518794
1034.5003336048362
1034.4973803046362
1034.4919554866344
1034.4843313091678
1034.46811935218
1034.4467547105228
1034.432260255362
1034.414812417214
1034.3878132784725
1034.3615682465775
1034.3497546933102
1034.331343300094
1034.2984810199541
1034.2832324908784
1034.2593769726693
1034.2538886500902
1034.2410484512957
1034.231161514026
1034.1978003581362
1034.1961651451584
1034.1916398845779
1034.1876596951465
1034.1949478669696
1034.185815042285
1034.1805988431024
1034.1717385386762
1034.1582072200722
1034.1566986199434
1034.1397321263278
1034.1228294529833
1034.1115610350807
1034.1096346546597
1034.1032461176042
1034.100019875475
1034.098511152772
1034.1066172590718
1034.115477703931
1034.1296996067324
1034.1375329770813
1034.1434399190946
1034.1466660835763
1034.1510643869028
1034.1527181504136
1034.1475655181302
1034.1242103645243
1034.0950120833495
1034.0662954004874
1034.0518006286823
1034.0424584718035
1034.0417040357672
1034.04610224549
1034.0590882230329
1034.056744551276
1034.0658138314623
1034.0587990397235
1034.03932756298
1034.0313327633978
1034.0222467611513
1034.0062910128552
1033.9882814549394
1033.9932420860669
1033.989470582097
1033.9920871832705
1033.9971755385473
1034.0155219320266
1034.0402566698226
1034.053242023916
1034.0684264596523
1034.0698535136005
1034.073415715008
1034.0916986536838
1034.1136892667773
1034.1180874119045
1034.1293553885268
1034.1298370144434
1034.1170605988927
1034.1064832336583
1034.1050563682556
1034.1185872195247
1034.1143980167317
1034.1301459830288
1034.1203863249298
1034.0978500312522
1034.0948966575813
1034.1170327915706
1034.140677791414
1034.181771103075
1034.2251276897487
1034.2665579639497
1034.3114235691364
1034.354362547279
1034.3987468043094
1034.4434035431304
1034.4961664172872
1034.55380993275
1034.5692681168862
1034.5508565976797
1034.5464578172532
1034.5417869063194
1034.538079608742
1034.527774147486
1034.4993293562477
1034.467177256684
1034.4406596329309
1034.4092616052612
1034.3863884523084
1034.3549904346928
1034.3314261576995
1034.3086160647367
1034.258324973618
1034.21394097463
1034.1828159760664
1034.1553351303264
1034.1411131103478
1034.1308078100164
1034.1131507248024
1034.1011278922676
1034.0939849045355
1034.0907585758778
1034.0902769961706
1034.0826523900482
1034.081416411716
1034.085605918875
1034.0990735364
1034.1042262034334
1034.1110964275638
1034.1167946474131
1034.112123584535
1034.1094428521403
1034.105253377156
1034.1118508032707
1034.113568357902
1034.119202616196
1034.1179666533155
1034.1142587548536
1034.113985964466
1034.118384270301
1034.129652846136
1034.1443565833501
1034.1571339123384
1034.1686752701376
1034.1711471677968
1034.1685939290662
1034.1653677467002
1034.1501186381624
1034.1226205861158
1034.111143332422
1034.0777856162372
1034.0607847125946
1034.0660822481532
1034.0733699167572
1034.0818934805384
1034.0880090748985
1034.0917166597785
1034.0983138706633
1034.1017488033958
1034.1108177499993
1034.1213315602686
1034.1301279326458
1034.1485385417484
1034.1610425132626
1034.1654853856662
1034.1629946952266
1034.1697817552063
1034.1782227919246
1034.1846738911115
1034.201575550245
1034.2135973953036
1034.231253160651
1034.2582706548085
1034.2775182769417
1034.2948392384644
1034.3033636169282
1034.3104428771446
1034.3218576552836
1034.324412734324
1034.334047127485
1034.3390736865622
1034.3328316043421
1034.3261076748288
1034.3277620813678
1034.3281806303476
1034.3217289181143
1034.3030449812143
1034.274055598365
1034.2394317749518
1034.203090322339
1034.1657855695832
1034.1383045903772
1034.1110324294523
1034.0879497199242
1034.067066108236
1034.0520895941274
1034.0709828020526
1034.079779340539
1034.0707099325048
1034.0397937348735
1034.0218635985234
1034.0395208147283
1034.0694739293715
1034.1315792328212
1034.1710833544305
1034.1123528638993
1034.1602696165564
1034.2024077749033
1034.2463277324484
1034.282415059387
1034.2965105363076
1034.3185030321883
1034.323801703485
1034.3074626801965
1034.281908035612
1034.2549083323497
1034.2225468918002
1034.2075703037372
1034.1972648218382
1034.196992124715
1034.2077792547293
1034.207024934882
1034.208742520619
1034.1991735615768
1034.2089336382978
1034.2226105501409
1034.2284539250059
1034.2463204080514
1034.256353304863
1034.2593068212816
1034.2661136232532
1034.2707847401953
1034.2649412448666
1034.260815351669
1034.2481015727215
1034.239304650294
1034.2302351297217
1034.223846480786
1034.2184211077265
1034.2228195451003
1034.2276178676532
1034.226572646701
1034.2291714206558
1034.2268265835332
1034.227206789992
1034.2350837642775
1034.2516935801245
1034.2432954757103
1034.2230847927606
1034.2126340281889
1034.202874329025
1034.206056831988
1034.209302248023
1034.203269362651
1034.204587797929
1034.1920205052622
1034.1840604891383
1034.1813162644435
1034.17341954105
1034.148620439356
1034.1178966167288
1034.1035478328545
1034.085827627327
1034.078893842097
1034.0655715816638
1034.0525219752917
1034.0321207195911
1034.02711282829
1034.0368081180484
1034.0445130639944
1034.0537268734975
1034.056343368936
1034.0570336110427
1034.0653485444534
1034.0594414099546
1034.0606774143916
1034.0567607270596
1034.0545616058587
1034.047418456857
1034.0491360212814
1034.0432288663224
1034.0459095361564
1034.0422014817332
1034.0345767230222
1034.0178825517514
1034.0048320579199
1033.986147241893
1033.9640271982582
1033.9362728426815
1033.9448607434833
1033.966916233395
1033.9803838619791
1033.9845735958042
1033.9975597431248
1034.019133876772
1034.0603561042071
1034.0873560550144
1034.1050135831367
1034.125143164467
1034.1302959559202
1034.1592223335413
1034.1754351314175
1034.1972823278134
1034.213222373899
1034.2262088714122
1034.2411856803526
1034.2396770416158
1034.2487467346318
1034.2504643449224
1034.2418762944828
1034.2440755492253
1034.235005855955
1034.2092417259184
1034.1989360802886
1034.1957736097013
1034.2038800083276
1034.1906207964616
1034.1785975691157
1034.1837503802274
1034.194328746527
1034.1982455733878
1034.2073152169182
1034.2119864007248
1034.2205744211044
1034.2330792942687
1034.230125721276
1034.2328066070058
1034.2222282506664
1034.2074602756534
1034.1860945322073
1034.1553695131029
1034.1390759745411
1034.1203106357677
1034.1017542603347
1034.0817533027998
1034.0585262074308
1034.051447341689
1034.0544649290082
1034.0601631261243
1034.0643525400599
1034.0756847910484
1034.0793754319507
1034.101412465014
1034.1091639211406
1034.109082107686
1034.0666174891091
1034.0841459998844
1034.0761864883173
1034.0547602914455
1034.0156420447358
1034.0223389891428
1034.0298532719817
1034.0359862818761
1034.053178198024
1034.0533232062926
1034.0569031228433
1034.059519862002
1034.0601463257642
1034.0658612737407
1034.0783822646847
1034.080180431747
1034.0766170658508
1034.074562454142
1034.0590400308515
1034.0428273348448
1034.0127942331644
1034.0026329557645
1034.0030500159744
1034.0037400613116
1034.0031940329802
1033.9970136812256
1033.9933054505314
1033.9847174717113
1033.9834813876562
1033.9959860817203
1034.0103523372884
1034.0248477615207
1034.047931199843
1034.062908123381
1034.0719777180982
1034.0822833748598
1034.0905985049606
1034.1087377825415
1034.1070201670184
1034.098159174415
1034.0873719103636
1034.1026217970716
1034.1350477391688
1034.128658875438
1034.1180803227971
1034.116635590416
1034.0984963403023
1034.0708059947451
1034.0506762990183
1034.0469681152604
1034.0789124562032
1034.1566863208805
1034.2376867481428
1034.31600617757
1034.3648535423135
1034.407793895044
1034.4357574980263
1034.4475714403106
1034.4416644753467
1034.435275754033
1034.4215348212954
1034.3433257781335
1034.2662715201895
1034.2181216656084
1034.246772748502
1034.2579555820005
1034.269745261546
1034.25692451639
1034.2482921729918
1034.2250824097946
1034.2085335712381
1034.1885492954557
1034.176462267838
1034.1707639381718
1034.1711815921685
1034.1654662429526
1034.1523350127886
1034.1328152046344
1034.1051724840484
1034.0938870288612
1034.0835008782697
1034.0720877432066
1034.0609473962293
1034.0480258102234
1034.0591021863283
1034.0619277630663
1034.0652988253182
1034.0559569773918
1034.0304032164977
1034.0131640422007
1033.9907721976108
1033.9720881625938
1033.9468069646502
1033.9327938591532
1033.9222157502106
1033.9175446945012
1033.9180261920574
1033.9253777713668
1033.931011837472
1033.9408354612008
1033.960482688047
1033.9703062911642
1033.9821358541242
Keyboard Interrupt
