CHIP_ID(id=88)
1031.0565723850277
1032.7799897019845
1034.1124519179423
1035.1493153498516
1035.9631040570512
1036.5549963693752
1037.0077684800426
1037.3713906232013
1037.6365989292096
1037.846842287315
1038.0125355908772
1038.1375422641865
1038.229159453404
1038.3081455695974
1038.3730071877526
1038.4131917399345
1038.4475623994906
1038.4802566876076
1038.498523380139
1038.4999010982758
1038.5029937630527
1038.521560071449
1038.5391573471059
1038.565591438621
1038.591279815297
1038.5959404664677
1038.604031289965
1038.6155522835497
1038.6351263550062
1038.661560921971
1038.6806505538268
1038.7085769027892
1038.7279277620846
1038.755369510665
1038.7869871956154
1038.8342646818899
1038.8945545744566
1038.9325846027225
1038.977584076109
1039.0044252454036
1039.0245935036246
1039.0436473995758
1039.0788824579097
1039.0962576644984
1039.1065121942286
1039.1062517708729
1039.092531074713
1039.064119969604
1039.0398482911044
1039.0106918715346
1038.9800810119632
1038.9700147340927
1038.9550638173619
1038.9560334355679
1038.9277322098826
1038.8873895290226
1038.813455560308
1038.734116582431
1038.6525413971215
1038.5802497789387
1038.4709737748515
1038.3831704758209
1038.3091246927543
1038.2472673417649
1038.1874246739776
1038.1251200885176
1038.0657605177757
1038.0066624121164
1037.958116436566
1037.8863059270425
1037.824826237964
1037.7672611430573
1037.717746391614
1037.666779105956
1037.6381074478154
1037.6089516806633
1037.5763658578076
1037.5349836247874
1037.4793555597525
1037.444086831528
1037.4115012577595
1037.3823457753
1037.3441312203802
1037.304201731746
1037.2691966621517
1037.2608423011366
1037.2456278198467
1037.255917943572
1037.259347985622
1037.2654609148015
1037.2654609148015
1037.282831890112
1037.3159013902623
1037.3482238735849
1037.3695513659798
1037.407019120273
1037.4278625944798
1037.4376688036493
1037.4432979392186
1037.4293985498975
1037.4129952769372
1037.4078501996084
1037.3777267940832
1037.3600925941857
1037.3556945905586
1037.3404803041285
1037.3262761750125
1037.3120720664333
1037.3150181409185
1037.3233301011119
1037.3191529652438
1037.3336202217097
1037.3610605610831
1037.3816408325845
1037.4147103029159
1037.4558709567018
1037.5102678590474
1037.577154137376
1037.634718585302
1037.714094688269
1037.7949236978532
1037.8628197771875
1037.934105598262
1037.9924176684904
1038.060535912584
1038.1352525915527
1038.1923344260153
1038.2502017158927
1038.3031462245676
1038.3333101991502
1038.3600439091008
1038.377940638505
1038.4061277392366
1038.4247704107477
1038.4515037754893
1038.452772552544
1038.400613376285
1038.3192988706778
1038.2430911301215
1038.1637151882098
1038.1027204443087
1038.0015341499752
1037.933679911228
1037.836045261494
1037.6965069957694
1037.6086417233369
1037.469288677664
1037.3213627881457
1037.2488945504094
1037.1744490035173
1037.1341742262414
1037.1073975160805
1037.0590736431475
1037.0141791816468
1036.963655697612
1036.899412313199
1036.8540328158733
1036.81256655466
1036.7757610648578
1036.746562699261
1036.6975322613291
1036.6357937976218
1036.5711091463918
1036.5025111253503
1036.4365952419569
1036.3826839867472
1036.3442072170758
1036.3245948070755
1036.3010690342255
1036.2763117445475
1036.2516003732972
1036.226141016231
1036.2131696720528
1036.1953183171397
1036.173680053792
1036.1497172456602
1036.1345477341595
1036.1296678034087
1036.1372756870066
1036.1321309243292
1036.118411561634
1036.1083405197148
1036.101699285181
1036.072810494879
1036.061772695442
1036.0605410963767
1036.0634876180368
1036.063004292872
1036.0615543174981
1036.0674473376632
1036.055707862995
1036.0432201466097
1036.0422535125085
1036.0554894812826
1036.0618657990667
1036.0755850875344
1036.0794982469804
1036.0829280722678
1036.097130722579
1036.1309456687177
1036.1505579164868
1036.1689386050975
1036.188286071572
1036.2118115182175
1036.219902699273
1036.2211342067355
1036.2417132136563
1036.2644905861919
1036.2782099497513
1036.3005039293237
1036.3279426968488
1036.3428935425948
1036.357360900522
1036.3727952112736
1036.3956180733915
1036.427234538213
1036.4571360524485
1036.4914344795043
1036.518698777844
1036.539058360578
1036.5640343268938
1036.5917370880811
1036.6302128997245
1036.6630602933103
1036.7054495248592
1036.7500373821792
1036.7870181154517
1036.8088284016762
1036.8162156008855
1036.8346396711954
1036.8799748376157
1036.9328736520627
1037.0029650720687
1037.0682177912404
1037.1366362514514
1037.193312878473
1037.2867064420545
1037.39280896588
1037.484708155457
1037.5975884334566
1037.700443005884
1037.7969231113816
1037.860860220436
1037.91353924987
1037.9400097904645
1037.9708392116422
1037.9866789051828
1037.9846622822026
1037.9336574664585
1037.8537598112641
1037.7564903393575
1037.6768549632625
1037.6077720438384
1037.5474855924815
1037.4641992374384
1037.3904560822964
1037.2981117019915
1037.2035690231144
1037.1092475876062
1037.01932396764
1036.9418887120332
1036.8718404630035
1036.8145006823838
1036.7669667034854
1036.729722243745
1036.6991177090258
1036.6569925932824
1036.6204959521574
1036.5766561884964
1036.5259569964248
1036.4634730518358
1036.4264932761769
1036.3645382498157
1036.3150711891603
1036.275145611076
1036.2327572436825
1036.1955135053668
1036.1614808151437
1036.1310966281333
1036.107353301993
1036.0814118523876
1036.0632966126725
1036.0547223491276
1036.0410035327077
1036.021656848048
1036.0138308120288
1036.01066601008
1036.0084678481187
1035.9967288514126
1036.0026215835935
1036.0175718171351
1036.018803332276
1035.9989734866003
1035.9634452577227
1035.9056242148663
1035.8409439129991
1035.821597578955
1035.7196744919345
1035.6425075805637
1035.6219297720763
1035.6248762836287
1035.6016174614906
1035.6371454280854
1035.6984431436847
1035.7506359565698
1035.799617173146
1035.8304838962001
1035.8466656123696
1035.8603841604845
1035.879075798225
1035.911703911444
1035.9413854996374
1035.9757280132546
1036.020577626582
1036.0361493124922
1036.0694433543758
1036.1045322220716
1036.1329806950753
1036.1679325019268
1036.1962900744606
1036.2173507570408
1036.2271559333874
1036.2340150175928
1036.255559212427
1036.281983454555
1036.3059903848214
1036.3256007664015
1036.3601606278535
1036.399819977541
1036.437281181429
1036.4769409135047
1036.5202944593598
1036.5391572655835
1036.557536465595
1036.5710351767273
1036.6126299388502
1036.6372089009374
1036.6687349830752
1036.7000852780877
1036.7095829571388
1036.7281385357749
1036.7315244401693
1036.7488928126593
1036.8000744615742
1036.815024347259
1036.8304579753249
1036.848353790353
1036.8466389430314
1036.8463753694828
1036.8427254917187
1036.8469025115933
1036.8586862065606
1036.84817694938
1036.821970641669
1036.7786160558117
1036.730117091017
1036.657610717216
1036.5735844922478
1036.4900420890847
1036.418019974534
1036.3347422041272
1036.2764389426293
1036.2198505945973
1036.1691546992379
1036.105707461659
1036.0447232264546
1035.9859373385414
1035.924470268794
1035.8593089843062
1035.819121039052
1035.789221673913
1035.7595874257286
1035.722127809477
1035.6824704238004
1035.6347226424184
1035.5992436486508
1035.5757203815638
1035.5343489628567
1035.5198825188966
1035.500537341507
1035.4713132670602
1035.449940103294
1035.4239537497704
1035.401396778811
1035.3732125744245
1035.3599778211144
1035.3459943396424
1035.3447626165198
1035.3452456157147
1035.3513557918957
1035.358214696951
1035.3516215098261
1035.349206496593
1035.348240491441
1035.3419130524444
1035.3426617613334
1035.348071588171
1035.347105578275
1035.3620065914479
1035.3674163972041
1035.375072183456
1035.3721740601459
1035.3817618125381
1035.372753540817
1035.3681407175138
1035.3657256040576
1035.3655081869742
1035.3613784011097
1035.3736466669957
1035.3785732044257
1035.3714970923352
1035.3656045059306
1035.3637686126942
1035.3890532533023
1035.4069960886884
1035.4259048714432
1035.451406629513
1035.4958918650598
1035.551897165791
1035.606453760709
1035.6688831173747
1035.7330275895154
1035.7871493247724
1035.8400398406134
1035.8787297197107
1035.9264765500736
1035.96688142878
1036.004075703286
1036.0417535966778
1036.0818944677353
1036.1041402771123
1036.1256839451548
1036.1286300172562
1036.1435792609054
1036.1661353389184
1036.2136645995286
1036.2611938901632
1036.294038269668
1036.324155912856
1036.3481623545017
1036.355769034573
1036.368036398353
1036.3873821260909
1036.3969229505592
1036.4172358545582
1036.4439242795931
1036.4657325172539
1036.4892555048195
1036.5022259987197
1036.5215719550674
1036.5350703271915
1036.5537129098782
1036.5652325641938
1036.5468538897
1036.510844060275
1036.4714047743892
1036.430250793904
1036.3834690935923
1036.3268825843752
1036.2779028985183
1036.2088300681455
1036.1478476817108
1036.0907783773744
1036.0349405937366
1035.9795863629897
1035.9342557771793
1035.8965321383987
1035.8553791336592
1035.8389802418455
1035.7958943837161
1035.7623486720408
1035.735661829918
1035.7121863160955
1035.6945562737842
1035.665188630851
1035.6345896187129
1035.6100537568882
1035.5960710933693
1035.5696024965264
1035.5590491131977
1035.5394391699272
1035.5203123016079
1035.5058463448852
1035.4786768492365
1035.4532221314569
1035.4253042736368
1035.395671798843
1035.3748783038056
1035.3653389219614
1035.3587458608229
1035.3526358370514
1035.3450767714805
1035.3414300499028
1035.3302725107972
1035.3179315750654
1035.2982011450756
1035.3109038217474
1035.3196943150115
1035.336091867456
1035.3485771969279
1035.342950323705
1035.3412357094915
1035.3478286397888
1035.334860276597
1035.3407526830485
1035.3458965233583
1035.3637912015258
1035.3642742402217
1035.3689350408088
1035.3619548978238
1035.3453878407636
1035.3537910527962
1035.3676032311214
1035.383347387526
1035.4100794955982
1035.4372945774385
1035.4768525259997
1035.5179077509672
1035.5514040003932
1035.5814713400957
1035.61711891649
1035.6395801026272
1035.6542635323103
1035.6743559543352
1035.6985322139403
1035.7268862312865
1035.7613976328084
1035.782456808382
1035.8025495055101
1035.819212870512
1035.8508249152665
1035.864058932008
1035.8853829552716
1035.9137841956313
1035.9309308579527
1035.935856217114
1035.942714872436
1035.9679515005025
1035.9819334316805
1036.0138098651203
1036.0476197101468
1036.0767689738855
1036.105434850345
1036.142409692111
1036.1815827786356
1036.2173266746179
1036.2494220797191
1036.289607378234
1036.3246486110543
1036.3636027233217
1036.388839390919
1036.422385519698
1036.4488533161539
1036.4449403553292
1036.4236609314435
1036.3888838133753
1036.3386301249777
1036.2744394387973
1036.2098103457442
1036.141707181494
1036.0763310751786
1036.0336835588969
1035.9839585340048
1035.91582114192
1035.870446797474
1035.8128511932628
1035.74448438709
1035.6817913863097
1035.6396740738073
1035.5955771516103
1035.5531948684388
1035.517187945228
1035.480697965714
1035.4329542652968
1035.3937837852434
1035.3697793795284
1035.3445434275945
1035.3193074720598
1035.3051076758181
1035.2955686781136
1035.2882272969118
1035.271081369972
1035.2664205865303
1035.2582097138813
1035.253645381691
1035.2485016825772
1035.2230488314153
1035.2120128423596
1035.214958995401
1035.2235318093888
1035.232370239842
1035.2275404089467
1035.2222757915192
1035.2258011600838
1035.216793692503
1035.2277812369189
1035.2397348194115
1035.2431157890474
1035.2445647763384
1035.242319122267
1035.2438162283115
1035.2426327933242
1035.2387207307036
1035.2431157890474
1035.2551175387325
1035.2656702693782
1035.2813186054948
1035.3013621381767
1035.3159226641037
1035.3221278972114
1035.3309658931762
1035.359051355529
1035.3747474803097
1035.3939952878327
1035.418169190688
1035.4247145843717
1035.4302938276899
1035.4290147748452
1035.4248372020406
1035.4371045776961
1035.4586457078271
1035.4655040298178
1035.467218610568
1035.4775060971892
1035.5108314961474
1035.5416939825657
1035.5850417637453
1035.6203467912192
1035.6419350177048
1035.672797505466
1035.698999493098
1035.7301269259633
1035.7507019561058
1035.7849937053238
1035.8202520652414
1035.8383645807066
1035.8518166487877
1035.861839555692
1035.8841293836338
1035.9274778233678
1035.9644970019224
1036.0110558093493
1036.0497439331314
1036.0720338497108
1036.1092718531272
1036.1408825809303
1036.1977289800852
1036.2376485805412
1036.2805139903335
1036.308695432528
1036.3305019224047
1036.3525280208635
1036.372619922117
1036.3978115009738
1036.3796980749512
1036.3336671861266
1036.2895706056156
1036.2209859249206
1036.1692832988392
1036.1031611605113
1036.0482937271488
1036.0135182494155
1035.9581676559128
1035.9143360521518
1035.8751650552772
1035.843554468824
1035.8058335271066
1035.7431883815939
1035.6814637177663
1035.6077372074847
1035.5482576210204
1035.4811719749696
1035.423142553857
1035.3847217646262
1035.3403136486822
1035.2918713133151
1035.2509879980055
1035.2106360167882
1035.1741964022515
1035.1504588854775
1035.1265041858908
1035.1208777419324
1035.1128366145838
1035.094025658853
1035.073934735989
1035.0538924070665
1035.0433883802373
1035.036796240421
1035.0192172835173
1035.0134711611986
1035.0145341505893
1035.0207403486068
1035.0254492107338
1035.0091270395708
1035.0233971978193
1035.0403961039283
1035.0640356712752
1035.0730424259052
1035.0893899762116
1035.1118469248288
1035.1341349856682
1035.1402443050422
1035.1452912542122
1035.148189006026
1035.1498552249097
1035.1471265249318
1035.1622913878296
1035.1926212600029
1035.2141132035938
1035.2466409907254
1035.2679158088858
1035.2782029854823
1035.2799175152684
1035.3053700297216
1035.324229908561
1035.343572847925
1035.3670933149995
1035.4006357006876
1035.4148351178233
1035.4224416560298
1035.4408185217017
1035.4606447043432
1035.4687343168218
1035.4934862423777
1035.5182381380498
1035.534417286945
1035.540309158435
1035.5454527842107
1035.5540254958562
1035.5680068858169
1035.581723215896
1035.6047604389757
1035.6140813081554
1035.624898449396
1035.6261297871235
1035.6415606056105
1035.6613869371904
1035.6814781828127
1035.7089108204152
1035.7429831621296
1035.7689659855992
1035.7927509279841
1035.808446412385
1035.835131058202
1035.8789611962204
1035.9112730079291
1035.9431015860928
1035.9827552374875
1036.0121670713538
1036.0298412987033
1036.0541093160773
1036.0695402696467
1036.0781130251637
1036.0634297671688
1036.025226312344
1035.9735255803184
1035.9179123432398
1035.8544742983956
1035.8076984647955
1035.765801632508
1035.732258966213
1035.6788901425634
1035.6149695797883
1035.5670098649164
1035.516369737642
1035.4673974924278
1035.4054577951679
1035.3474304977856
1035.2847430846396
1035.2318597615538
1035.179290262205
1035.1406062734177
1035.108780213794
1035.0742739416276
1035.0549321262233
1035.0265837500106
1035.0016644664815
1034.9833373061942
1034.9630300642389
1034.9392940699943
1034.921667103129
1034.9013600565347
1034.8793386784996
1034.8682545511172
1034.8527758157134
1034.8472683689106
1034.8375137867474
1034.81474350603
1034.808368623632
1034.8175910503408
1034.8186059099264
1034.8135611187715
1034.8150095223482
1034.8244980108204
1034.8276116178072
1034.8363513443321
1034.8382825658746
1034.8487860453245
1034.857092293529
1034.8671130225005
1034.8678126500802
1034.8670638204717
1034.8641177074555
1034.8697439188259
1034.8726900315494
1034.884208464423
1034.9021019149773
1034.9261044244365
1034.952304280999
1034.9763556637156
1035.0133738804004
1035.0383907357686
1035.0768574556525
1035.1175215574551
1035.152076353222
1035.1858825938334
1035.1998637713418
1035.2268121323277
1035.242024678249
1035.2505969691879
1035.2768445667054
1035.311133684663
1035.3432253148649
1035.3711397382704
1035.3868350715047
1035.401033844351
1035.4147495316035
1035.4269687469819
1035.4472772362692
1035.4852136698394
1035.5082031262555
1035.5287768984244
1035.5562086172665
1035.5784969078586
1035.5966081486838
1035.6193796988905
1035.6460634924108
1035.6727473614164
1035.6962670706444
1035.7138952956013
1035.7300737596156
1035.7376797150641
1035.7411087082091
1035.7536395216107
1035.788677292158
1035.810482398964
1035.8357164873187
1035.8609505720685
1035.8857013072445
1035.9057918877481
1035.936917181645
1035.9709880068938
1035.9896283147716
1035.9732311202708
1035.9047502785118
1035.8300258484323
1035.7669942112122
1035.7058970881305
1035.6564911143066
1035.5918752249388
1035.532886043308
1035.4821576686188
1035.444520802666
1035.3963784182695
1035.3531600549968
1035.3058111588061
1035.2633871075022
1035.2212280806243
1035.1803002886604
1035.1303653940297
1035.0917310392867
1035.061620746744
1035.0569123860043
1035.0490407708235
1035.0426661635058
1035.0257396162026
1035.0193649843122
1035.0151876498583
1035.011662045588
1035.011662045588
1035.00357294671
1034.9910892404012
1034.9779054818794
1034.9669190680736
1034.9597471768034
1034.9546039858647
1034.9557868667855
1034.960664315371
1034.9530580467244
1034.951343640692
1034.9552553308913
1034.954772452858
1034.9579841493971
1034.9533238188797
1034.9591670250272
1034.9721336564678
1034.9829030131996
1034.9821543820378
1034.9894949318018
1034.9901949826467
1034.995121073969
1034.9983327260868
1034.995121073969
1035.0069047923355
1035.0078705995538
1035.0100679193802
1035.0102851179556
1034.9922722290814
1034.9684414349213
1034.9744534636927
1034.984159908524
1035.0039354973217
1035.0227454038547
1035.0241941553932
1035.0329834259658
1035.0248943406793
1035.0194854764727
1035.0170224927724
1035.046215706134
1035.0707002634763
1035.093953411723
1035.1137778050697
1035.1292074879175
1035.1355821546833
1035.1350991820227
1035.1350991820227
1035.1480660002824
1035.1532092330474
1035.1617812896752
1035.1647271254253
1035.1647271254253
1035.132636307439
1035.1093830687705
1035.094919314917
1035.0809384814788
1035.0936396849677
1035.1056405879754
1035.1240161948992
1035.1465690874318
1035.1700879050093
1035.1923753035492
1035.2198059713296
1035.2462706071003
1035.2719868795075
1035.2994175951144
1035.3170448704132
1035.3095810462228
1035.2949944357624
1035.2965382873138
1035.2864411942614
1035.2856167075413
1035.2875961663212
1035.2428056025542
1035.1664091703008
1035.0904482256362
1035.0213443103974
1034.965737447383
1034.9076676851212
1034.8640610118905
1034.8287601032953
1034.7946905630904
1034.7425120735447
1034.6900675277718
1034.6505885734084
1034.62192770697
1034.5869916366457
1034.555701035249
1034.5253760445894
1034.5065187393354
1034.4844991699345
1034.474379674507
1034.4515609437626
1034.4382789009678
1034.4419237385955
1034.4262284276726
1034.4245141078904
1034.4225333270206
1034.4183052542267
1034.4111310422052
1034.4003119586505
1034.386330667598
1034.3672063013094
1034.3539741197083
1034.333884549813
1034.3235984817509
1034.3128298612626
1034.3035089073435
1034.2885623579978
1034.2753301450762
1034.2618821497044
1034.2643457684533
1034.254809019717
1034.2589869716878
1034.2668093806628
1034.2678253817965
1034.2737176397627
1034.278378095579
1034.278378095579
1034.2842703336664
1034.2747336041873
1034.2815909166063
1034.2913943395527
1034.2960039654765
1034.3065058502825
1034.3187221145467
1034.332652770623
1034.353224926976
1034.3617966630807
1034.3899753935525
1034.4174049654134
1034.4374945411348
1034.4539392417842
1034.4696347925656
1034.4890253807885
1034.5164548420764
1034.531617594803
1034.557549175459
1034.5825653104748
1034.5999750212927
1034.6049015660624
1034.6117589392657
1034.6144883888721
1034.6159365376247
1034.6301340005673
1034.649208371556
1034.6621742885372
1034.6724603946732
1034.6746574905808
1034.6724603946732
1034.6714949074276
1034.6778695594085
1034.6903527587995
1034.7060479846148
1034.7329948064066
1034.7474583908493
1034.7452612589727
1034.742798125714
1034.7474583908493
1034.7538821738847
1034.766148529422
1034.7755670685829
1034.763063132321
1034.75340702691
1034.7432681250261
1034.7433658653017
1034.7578772755367
1034.7662801656866
1034.7890966839147
1034.8077360796904
1034.8273895612501
1034.8439037225862
1034.873166358188
1034.8880150766747
1034.8830410750315
1034.8651012253877
1034.8310326334154
1034.7849639242722
1034.7446186963577
1034.6932395307188
1034.6545108958944
1034.6030636553978
1034.5772511920165
1034.5482759321485
1034.5254085033134
1034.491073317235
1034.4655256283695
1034.4274448241836
1034.398734205515
1034.36712777523
1034.3494517399952
1034.318594340728
1034.2963084615994
1034.2786829386741
1034.2749876955081
1034.2828099921237
1034.2881688064383
1034.29599113733
1034.3023151025723
1034.303546854611
1034.2964736942913
1034.2822766908364
1034.2688289242037
1034.2531335134904
1034.231812621244
1034.2058312968318
1034.1918500598413
1034.1823135319291
1034.1610437489364
1034.147596213289
1034.1319519529563
1034.1167902228035
1034.0992162410685
1034.0906448414096
1034.0869493619148
1034.083253867709
1034.0901110058833
1034.0837363182065
1034.0827714172315
1034.0913428358117
1034.0957363172179
1034.1013616347495
1034.1108979989854
1034.1143265779233
1034.1219330873055
1034.1292727147547
1034.1361298739646
1034.1398253059554
1034.158199987359
1034.1843968195828
1034.2027715070317
1034.222860478214
1034.2314319337963
1034.2402700876137
1034.2517875772946
1034.2662510918103
1034.282428870502
1034.3049812053644
1034.3028715273326
1034.2814072324136
1034.309065513422
1034.3353267132547
1034.362121172754
1034.3950742532982
1034.419989129788
1034.4495644217664
1034.461448056611
1034.4849152832437
1034.5042051512091
1034.524776562202
1034.558313392933
1034.595062326113
1034.6232397849353
1034.652914787684
1034.6664123272728
1034.6909442321191
1034.7298898910126
1034.770549845225
1034.8094955316294
1034.8570126584486
1034.8984211916925
1034.9420268453198
1034.9661712624227
1035.0047294879855
1035.054273130089
1035.085925541005
1035.135203095684
1035.1905891231834
1035.2347233356236
1035.230407775553
1035.2828308615917
1035.3336806499444
1035.3989927863088
1035.4275589301267
1035.4262815952236
1035.4027190074269
1035.3497956876881
1035.2920720833908
1035.2168624563428
1035.1481496944944
1035.0834424798602
1035.0161026439541
1034.9647954928694
1034.925535833189
1034.8708955823295
1034.8240780707072
1034.7735658676443
1034.7154964448441
1034.658658453585
1034.6106580347791
1034.5299514425092
1034.5039217146198
1034.4970148813934
1034.4852314372513
1034.4675561784027
1034.4530430257987
1034.4351512484639
1034.4121166071282
1034.4035452130388
1034.3974371408885
1034.3871514836665
1034.3798117712272
1034.364649769771
1034.3558622898909
1034.3365227668367
1034.3181484345691
1034.3056660082775
1034.2846122911515
1034.2782378059062
1034.2797360852376
1034.2780218267578
1034.2687520105678
1034.264574358098
1034.2680028684774
1034.2757743978013
1034.2843457160368
1034.29366616656
1034.3086119601744
1034.3257545930192
1034.335024586733
1034.3333103182003
1034.3284340266293
1034.3193801191546
1034.324306841151
1034.3235577461821
1034.3284844519926
1034.336573160866
1034.3441792682559
1034.3500711039146
1034.352750559905
1034.356661678665
1034.3681788912336
1034.3735378477236
1034.3904140725563
1034.3943252253503
1034.398985407555
1034.3955568732529
1034.3948078444678
1034.4053096834916
1034.4273288659263
1034.4591511605427
1034.5012592552694
1034.5438501847966
1034.5606592932456
1034.5735071004276
1034.5851230697035
1034.5846897464662
1034.5930935958456
1034.602196776494
1034.615112609602
1034.6165608430128
1034.6136151108005
1034.6199893183841
1034.6285605085789
1034.6402942079822
1034.6630621238176
1034.6863128584193
1034.6897413522008
1034.701258296857
1034.714321462572
1034.719296074262
1034.7311274541244
1034.7688889404876
1034.7809622822103
1034.8137489479384
1034.8583177381563
1034.9151513577062
1034.966842354018
1035.026260808932
1035.0971965819401
1035.1417189657807
1035.1767044563762
1035.1985534859848
1035.2165207403878
1035.2183587615689
1035.1954958716472
1035.0894872372457
1035.0383077774766
1034.9810652675465
1034.899121468727
1034.827244174763
1034.784073780519
1034.738271965961
1034.7075835220976
1034.6761951232488
1034.6450725498291
1034.60709288586
1034.5593103238878
1034.5279710182551
1034.4956664221925
1034.4618641020681
1034.4278454625176
1034.4102203901434
1034.3820435222374
1034.3502219670725
1034.3176514463348
1034.2855635322337
1034.2544407283553
1034.2338698958174
1034.2265304153439
1034.2231019472313
1034.2125499069448
1034.1917632304433
1034.1733892049729
1034.1643355431995
1034.1530851619518
1034.1540501671457
1034.1417838249324
1034.1425330628244
1034.1449965249933
1034.1538343824175
1034.1555486080963
1034.1589770597568
1034.1685132115913
1034.1775668686919
1034.1763351531888
1034.1766018389546
1034.1861380178277
1034.1852237896999
1034.1898839338169
1034.1911156313388
1034.188918886928
1034.1930964954515
1034.1985057821437
1034.211254443349
1034.2290951082045
1034.2545418784398
1034.2218644435761
1034.2490392251086
1034.271172464006
1034.297749783973
1034.3125944430537
1034.3323656497937
1034.3526697638072
1034.3744218149516
1034.38528978308
1034.384857135688
1034.3995360122194
1034.4196237918834
1034.4370320433566
1034.4517109852288
1034.4703010490196
1034.4852462316726
1034.4972456825344
1034.5084963196657
1034.52670278542
1034.539234308985
1034.554130012067
1034.575183180472
1034.5898622972336
1034.5962363845063
1034.6043246726178
1034.6239787430202
1034.6421353028015
1034.6685968955521
1034.6965068489906
1034.7097376398897
1034.717777077318
1034.7270966818623
1034.7650748882452
1034.7872392989434
1034.8204366693922
1034.834029093387
1034.8453760274474
1034.8752902882743
1034.9033214778894
1034.9431350625389
1034.9772756855898
1035.0107641770826
1035.0364300448664
1035.0547561017477
1035.0755448184552
1035.1100477277118
1035.139673230594
1035.1379589648043
1035.1195850503748
1035.0703543702748
1035.013518313084
1034.952287838526
1034.8896087791143
1034.8386640469407
1034.792645014778
1034.7497888687199
1034.7057013338958
1034.6501460401068
1034.595822607491
1034.5578929907995
1034.5240912835748
1034.5008410511637
1034.488092680689
1034.4765758320252
1034.4606652036086
1034.4254155931078
1034.3835255628674
1034.3397050825388
1034.3093319510422
1034.27944139543
1034.2642800419924
1034.257905794005
1034.244674724658
1034.2282817960815
1034.2172474769256
1034.1959279206794
1034.1797509455628
1034.1550029262012
1034.1447177063712
1034.1476636061932
1034.1454668984322
1034.1423051834352
1034.1391434739915
1034.144286062077
1034.1538220655214
1034.1619105439454
1034.1805001011928
1034.193464575721
1034.2030006667908
1034.212486121497
1034.2222888685828
1034.2386819029307
1034.2264158004266
1034.2225048211426
1034.217514047166
1034.2248533940308
1034.2304279826606
1034.2383004639962
1034.2412968247866
1034.2235068343377
1034.229830522216
1034.2504008319477
1034.2597712497707
1034.2657131916912
1034.2689254178506
1034.289495530916
1034.313760389005
1034.3463297431406
1034.3862384902486
1034.4256646728654
1034.4565199834653
1034.4964289555676
1034.53290963922
1034.5632823655185
1034.5887292855725
1034.6092996450127
1034.6325497432283
1034.6423521786548
1034.6529032585001
1034.6544005511134
1034.6659171350343
1034.681876532123
1034.697570040774
1034.7164261240096
1034.7328194732881
1034.7263999191653
1034.7479836652471
1034.793058246378
1034.8286454473136
1034.8552275999211
1034.8771985289093
1034.8999180727835
1034.9123524058152
1034.9216238565596
1034.9355551496494
1034.932609583706
1034.9206099117541
1034.9264529218524
1034.957309313809
1034.9854376770497
1035.0138316024977
1035.0356339541866
1035.047633738972
1035.0664905536285
1035.0853473804996
1035.1113265120887
1035.127768288702
1035.1260540355079
1035.0971770124013
1035.0440353451831
1034.966894387966
1034.8990732686268
1034.8456663817526
1034.7895795211089
1034.707567138209
1034.6777972147952
1034.643415721147
1034.5958028483897
1034.5624349961395
1034.533992856973
1034.493334579753
1034.4735129578164
1034.4568535953993
1034.4436226325586
1034.4152300912822
1034.388069194082
1034.3611246904331
1034.3309680183563
1034.3147912362929
1034.3191848284034
1034.3062202446833
1034.287147939465
1034.2653460028175
1034.253829218316
1034.253562717036
1034.2432775439431
1034.2381349587595
1034.2430110224818
1034.2486361767485
1034.250616887871
1034.2462233740773
1034.2552769129047
1034.2423124264894
1034.246972445983
1034.2521150250814
1034.25848923117
1034.2682918165433
1034.2854337459676
1034.3050388906224
1034.3133936610702
1034.3215823015694
1034.3327664542858
1034.3317846976543
1034.3419029333534
1034.3463462486177
1034.3431842322702
1034.3512721682935
1034.3172214524568
1034.3380742039337
1034.35431721657
1034.373073010834
1034.3822930482745
1034.405275865361
1034.4270273376894
1034.4344161041806
1034.4410560453116
1034.4552517726258
1034.4698313608228
1034.4732102023022
1034.4758897394024
1034.4812488246885
1034.480283435792
1034.4839283728738
1034.487839388745
1034.4795346673384
1034.474126109276
1034.4726285441186
1034.4686184522004
1034.4659389134704
1034.4774058956727
1034.4937493807688
1034.505699197853
1034.511807177934
1034.4865395001125
1034.5018680913622
1034.5276985035655
1034.5807394709911
1034.6210821923507
1034.6609425147842
1034.6959263712417
1034.733107459255
1034.7737658700569
1034.8127100765778
1034.8611911603855
1034.917012189377
1034.9237222907136
1034.9554478391622
1034.97104537516
1034.9886226424455
1035.0164854011748
1035.0505046915755
1035.0860206221296
1035.1215365603416
1035.154590088621
1035.1810518358805
1035.219731231386
1035.2415333196143
1035.252301857429
1035.2329621061203
1035.1781063995159
1035.1090539062272
1035.0429471317009
1034.9797861426052
1034.9180742001595
1034.8754360889243
1034.835743440043
1034.786031105224
1034.7267821671126
1034.6584306630257
1034.6008470490167
1034.5547800259467
1034.5048017668264
1034.4546069854443
1034.4093385805077
1034.3696956684728
1034.3366433567278
1034.3043401195976
1034.2769131147056
1034.2524319402294
1034.230147547568
1034.2164340836407
1034.2068980848965
1034.1821504520856
1034.165757786133
1034.1425084598977
1034.1385976012075
1034.115348355361
1034.0992225396885
1034.08915332183
1034.0866899511013
1034.0779033553217
1034.0752242327228
1034.0579178937908
1034.0481664693925
1034.0401292319098
1034.0384150894904
1034.0401292319098
1034.0479507408093
1034.058502329959
1034.0709838127136
1034.0700188499973
1034.06953636867
1034.0626798028677
1034.0637974774854
1034.0529162017526
1034.0517862364536
1034.0513545475508
1034.0603059341693
1034.066844913365
1034.0763296649786
1034.088760229783
1034.1105106760638
1034.1234746435039
1034.1459743832072
1034.1640808681173
1034.1770449564676
1034.194085429397
1034.2009420703298
1034.2046369072468
1034.23737163635
1034.2556945877539
1034.2764808459408
1034.290410455548
1034.3075020892206
1034.317254438965
1034.3307016310653
1034.338523647434
1034.3426508900463
1034.3624724087576
1034.3830429345624
1034.4065592591298
1034.429326670771
1034.4484492562974
1034.465374910345
1034.496230706527
1034.5219438949962
1034.5378545279193
1034.5559621195505
1034.5770154696206
1034.6000490777965
1034.6281761524629
1034.6590322282586
1034.6835142028935
1034.720744477969
1034.7555119365084
1034.7841710931648
1034.8025448376868
1034.8260612811068
1034.8586317734125
1034.89045383924
1034.913704779625
1034.9492210085969
1034.9769143940448
1035.0009138249961
1035.023947360738
1035.0530895476634
1035.067769486973
1035.0640756688904
1035.0464501854044
1035.0026280708212
1034.9514662210522
1034.8961276902194
1034.8498433494608
1034.8001306209833
1034.748220932888
1034.6921342964845
1034.650244255284
1034.604443001951
1034.5630850437885
1034.5214611939787
1034.4693356980945
1034.4108363981911
1034.3562484425158
1034.3227135980587
1034.307768497026
1034.2869820869605
1034.2581074407526
1034.2370547285923
1034.213056248524
1034.198327184526
1034.178988683138
1034.1638783771998
1034.1553582234387
1034.1472699315227
1034.1314107126043
1034.1150690940824
1034.1145865899066
1034.1055333656286
1034.091121893907
1034.0869444601208
1034.0920868809612
1034.0901569069347
1034.0806212454877
1034.074780540234
1034.087744439862
1034.0879602774878
1034.089407755282
1034.0970134554204
1034.1085299160434
1034.1183322324111
1034.1199318136878
1034.109748411623
1034.1085674487213
1034.109151166185
1034.1008472599601
1034.113443198209
1034.1349269756806
1034.152500143849
1034.163483434971
1034.1593061135661
1034.1746322736699
1034.1306564654553
1034.1651183542933
1034.1925586668845
1034.2127106438552
1034.2307164736983
1034.23725628337
1034.2479734615993
1034.2545133351678
1034.257408763358
1034.2713383058672
1034.2926072273976
1034.2906266139214
1034.2959853398038
1034.2883795498444
1034.2837195525708
1034.2842021331767
1034.2888621330635
1034.3082008622077
1034.3248602219508
1034.3287712171245
1034.3407705975387
1034.3507894286108
1034.3579125781393
1034.3794482260396
1034.3895170990259
1034.3946596956603
1034.3958912562262
1034.4088559358067
1034.4164616425235
1034.438746244082
1034.4644592670788
1034.4965464385161
1034.5244564090635
1034.5555287999355
1034.5748678566401
1034.6052409628726
1034.6280085093774
1034.655701885366
1034.690734848806
1034.7230879531135
1034.738781652117
1034.7524953553218
1034.772631671819
1034.805901680305
1034.8445801507814
1034.8724905339368
1034.8746876394557
1034.8575454310094
1034.8095957623038
1034.767006216963
1034.7562381527634
1034.7280623059135
1034.7109202602735
1034.676153413581
1034.6385390326996
1034.6069350027738
1034.56847419653
1034.5209597272049
1034.48592725717
1034.4430726883752
1034.4024150085088
1034.357413713457
1034.3051236729307
1034.2503210713694
1034.2086486636817
1034.1670266254912
1034.1319946513386
1034.115551598279
1034.114535817168
1034.1081108913256
1034.1032350895068
1034.0856110608977
1034.0736119938122
1034.0530421760297
1034.0354182109559
1034.0153308811807
1033.9982917551613
1033.9802367288678
1033.9600365022534
1033.942731046327
1033.9217307101187
1033.9068376011462
1033.8997657112031
1033.8855706483587
1033.8955369231182
1033.9006278419336
1033.9096293874672
1033.9098449075277
1033.902454669001
1033.9145661457496
1033.9214226596728
1033.920457846543
1033.9372808654286
1033.9263286012365
1033.9623353947745
1033.9824844666127
1034.0100239232568
1034.0405606583765
1034.0723293630663
1034.0833125716506
1034.1070441907793
1034.1266492004468
1034.1511300667878
1034.1736302170775
1034.199558824406
1034.2208275484604
1034.2455752022088
1034.2690912171927
1034.3013943335711
1034.3351453983807
1034.3699119705661
1034.3919302743416
1034.417160684175
1034.4382137952887
1034.4369822474498
1034.4443217362207
1034.4426075283698
1034.4438390747348
1034.4379475634178
1034.4355342736521
1034.4521936518804
1034.4659072880443
1034.4852958503568
1034.516584671633
1034.5378545279193
1034.5547306186304
1034.5711240402488
1034.5862860097377
1034.5906799268919
1034.6090536834758
1034.6325701149717
1034.661229226196
1034.67863740328
1034.7014051517463
1034.7254043674598
1034.7439951145845
1034.7701914625038
1034.7919937073875
1034.8076875429697
1034.818987163171
1034.8363951298454
1034.874373801624
1034.8988559240759
1034.9380177981247
1034.9764314611227
1034.9828054994498
1034.967860244968
1034.9470238461895
1034.9097933938701
1034.8447490414096
1034.794287952669
1034.7394327736113
1034.678952257282
1034.6074379226166
1034.5306633277555
1034.4643420788466
1034.4100206070918
1034.3588615903404
1034.3187367743922
1034.280808948645
1034.246525751029
1034.212242593789
1034.1809052500093
1034.159586305251
1034.1490347833728
1034.1328582442457
1034.1303949475812
1034.138432493874
1034.1448066371618
1034.133391485364
1034.11388821015
1034.0950326667328
1034.096048461506
1034.0849636476303
1034.087591901019
1034.092200988221
1034.0997559169257
1034.1102567070805
1034.100720901492
1034.09632759628
1034.1029175569138
1034.0877058682263
1034.0886198826663
1034.104961501201
1034.1220524346966
1034.1293916911504
1034.1372134597682
1034.1416576951574
1034.1524253394505
1034.1568187473572
1034.1646405505314
1034.1732115216944
1034.1766399108665
1034.1844617449044
1034.187407609792
1034.1913185330986
1034.1996229258582
1034.222390083907
1034.2507824561856
1034.2740322833731
1034.2941202158054
1034.302208677102
1034.316404944603
1034.3379406862596
1034.3594764846794
1034.3773676241735
1034.3977218971863
1034.413149824152
1034.4150803973637
1034.4047950907393
1034.4109030250575
1034.404046147758
1034.3991698033583
1034.3896334611632
1034.381545018904
1034.3722249770694
1034.3572796547096
1034.3391722951405
1034.3230456082624
1034.3196171933516
1034.3289372371835
1034.349025107339
1034.3673987641587
1034.373024008755
1034.388934516155
1034.415879239066
1034.438912879467
1034.4618967514753
1034.4746451291935
1034.5047521763427
1034.5343766068613
1034.557144203455
1034.5862860097377
1034.605142488172
1034.619821795633
1034.622984272839
1034.6543232156023
1034.6888737974293
1034.715070105978
1034.7486062306466
1034.7765169019606
1034.7941421626538
1034.8127331418514
1034.8353809739692
1034.8516542961286
1034.8534651264085
1034.8493848037865
1034.8313253769904
1034.787770581557
1034.7211119201027
1034.6507608839574
1034.5909130590228
1034.5613603243366
1034.5147144588032
1034.4683338290704
1034.422218705013
1034.37808350133
1034.3368936962997
1034.2986493791095
1034.263833206201
1034.2319626367762
1034.1908225472719
1034.1628626518477
1034.1403117750137
1034.1185100220923
1034.105977410507
1034.0978380473218
1034.0805314956733
1034.075439978698
1034.0576001274558
1034.050045307083
1034.057815840117
1034.0648371728137
1034.0794645036228
1034.088949357877
1034.0862191597723
1034.0954883409433
1034.0915774618095
1034.0918442269303
1034.104808579588
1034.1092019517953
1034.116541249387
1034.1162745131128
1034.117506228934
1034.124363048934
1034.1262930223215
1034.1272580091381
1034.1301529700781
1034.1316004508237
1034.133797163747
1034.1298862325025
1034.1247435781436
1034.1274227781605
1034.1288702513104
1034.137174625825
1034.1482092052172
1034.1437526971356
1034.1542537407413
1034.1659865172396
1034.1855412234613
1034.2043975824915
1034.239380434311
1034.2812204012275
1034.3159875696554
1034.3404694124624
1034.3522026292394
1034.351237418795
1034.3532180676245
1034.366715703132
1034.3826764897126
1034.3917302471823
1034.4003013829126
1034.3995524199554
1034.3856723711028
1034.3934945097396
1034.3932782028767
1034.3964903180758
1034.397239261837
1034.3984708384553
1034.3898997797278
1034.3896334611632
1034.3969729525886
1034.4102539649482
1034.4449710207864
1034.4648425127132
1034.4956487583177
1034.5066150787334
1034.5202109576298
1034.5614695472036
1034.5993495904347
1034.6179197254557
1034.6454656523704
1034.6647557384097
1034.675355858831
1034.692064021728
1034.7195400257801
1034.7418732598592
1034.7727772813046
1034.7953273933128
1034.8252170697122
1034.8607321685308
1034.8972130841366
1034.9625700404442
1035.0137307762425
1035.0739932657923
1035.110739811612
1035.116365449852
1035.0964957732563
1035.0406275168123
1034.9752221314857
1034.9051569695
1034.8297318096388
1034.7633606852955
1034.694526837142
1034.6398893116311
1034.5845029362238
1034.536455852299
1034.4699673205623
1034.413016085775
1034.3662508457628
1034.3170726916414
1034.2839206572453
1034.2512507217857
1034.2210435595869
1034.1939977937443
1034.1657706648493
1034.1417209048348
1034.1130108177465
1034.094852619705
1034.068390066733
1034.0514634771657
1034.0301434985738
1034.0100552839795
1033.9997699624382
1033.992697619341
1033.9833771555907
1033.9784499359735
1033.9782345041763
1033.9811805235854
1033.9740566744842
1033.9674667963313
1033.9566991026766
1033.946896217564
1033.9456643996512
1033.9451820033228
1033.9298484903256
1033.9383162633385
1033.947051057889
1033.9531068814438
1033.9581979142815
1033.954020085617
1033.962806555385
1033.9681646154045
1033.973040281419
1033.9833256190032
1033.989700095202
1034.001217233322
1034.0274644007663
1034.0504985756988
1034.0847829697577
1034.1095313289557
1034.1391555878822
1034.1709766437486
1034.1969059246785
1034.2218702502166
1034.2358000681675
1034.261513663792
1034.2916209087819
1034.327886528185
1034.3687619881853
1034.409154991917
1034.451046031536
1034.4762771767
1034.5085818100922
1034.545330117149
1034.577634944454
1034.6195260812171
1034.6589541821506
1034.6922739772713
1034.7250619640934
1034.7488448327388
1034.762076183382
1034.782213373327
1034.8005874526234
1034.8191786330929
1034.841295507835
1034.8553237090382
1034.8427453006748
1034.860683979942
1034.889390511081
1034.915007367445
1034.9484951871082
1034.9778543815605
1034.9888880238393
1035.0067307602326
1035.0209275102475
1035.0373214767
1035.0701095292106
1035.0901973350287
1035.1191215028591
1035.146331347533
1035.173275995303
1035.186023747373
1035.189375443132
1035.2115359458485
1035.2544842912348
1035.263366752923
1035.2754125813826
1035.2441210782367
1035.189750973842
1035.1388860097186
1035.0873186848519
1035.0357977668746
1034.9776846686425
1034.9317399130416
1034.8897536351622
1034.8414409651007
1034.805393310997
1034.7595427470949
1034.7098295322203
1034.6627961798395
1034.6248167819774
1034.5924627865961
1034.5596259799431
1034.524592166154
1034.4866125004598
1034.441293122952
1034.3903483617153
1034.3450289684768
1034.3114931753569
1034.276192717432
1034.2646755759295
1034.2458189068323
1034.225248009021
1034.2083214751694
1034.183572865959
1034.153465741891
1034.1361076198202
1034.10723243075
1034.0861791947273
1034.0700530654017
1034.048517485477
1034.0296610592031
1034.0147155146242
1034.0117695045897
1034.0254832731057
1034.020607525429
1034.0330894994354
1034.0477681607235
1034.0666246174178
1034.08082087665
1034.0886427165963
1034.0915887020888
1034.1038550903056
1034.11044520586
1034.119016347976
1034.127638519115
1034.1411365399913
1034.1612246862824
1034.1712941768606
1034.1862396218794
1034.206543624671
1034.222936706474
1034.244472510392
1034.258236874944
1034.2763442406651
1034.278541035003
1034.2817029712576
1034.2887759493037
1034.2970806099088
1034.3036710546348
1034.3129913201074
1034.3129913201074
1034.3142229725877
1034.3152888584982
1034.322945097579
1034.350588830805
1034.3780164352625
1034.4066756567593
1034.4351184962597
1034.4691865473155
1034.4990772041556
1034.5482080210577
1034.5901971931626
1034.6182551293814
1034.6594941839182
1034.705077845065
1034.7372134980224
1034.7489957510934
1034.7697346629375
1034.7983447985735
1034.8222953269071
1034.8563140861793
1034.8905985287086
1034.9268146541463
1034.954242325738
1034.990771979787
1035.0395186744856
1035.0722315876706
1035.1211956124766
1035.1657652931056
1035.2054103873008
1035.240661070459
1035.2648784105745
1035.3028097742654
1035.3558114958917
1035.359848111163
1035.3477547048165
1035.3187830540724
1035.2771098552987
1035.217109467095
1035.165367959071
1035.1043538350725
1035.0563055576235
1034.9952910011011
1034.934058984382
1034.8750241989233
1034.8187181301905
1034.7560379841548
1034.692609355514
1034.6394665568396
1034.5809148813469
1034.5368262911759
1034.4993285708092
1034.4650429748458
1034.4422747170347
1034.4116841480866
1034.3903638487884
1034.3653988341885
1034.3445611149332
1034.3374375249923
1034.3224916521328
1034.3131711654412
1034.299723544012
1034.2928664618107
1034.282098281941
1034.2613111309888
1034.2527905087318
1034.237146289599
1034.2241814501635
1034.2185561664526
1034.1642968418432
1034.1868610786412
1034.2048161579005
1034.216930277014
1034.2408280835728
1034.2652592615163
1034.2862621432334
1034.3207126707537
1034.3630361132155
1034.3901978666815
1034.4048270599023
1034.4136146566152
1034.418008466236
1034.4373481658802
1034.432954332925
1034.4183589668535
1034.450396926774
1034.4902574446194
1034.5291529183205
1034.5709944799864
1034.6204421891455
1034.6764812515546
1034.7369639157175
1034.7930037237697
1034.8329153326265
1034.8611897936892
1034.8917328137002
1034.9125215970953
1034.931330539801
1034.9372703014553
1034.9461073889915
1034.9399986987241
1034.9243527714802
1034.8956927247566
1034.8773669016125
1034.8695440355323
1034.8663811578422
1034.8757010901138
1034.8826550277204
1034.8898260578226
1034.9031055058565
1034.923724713283
1034.9245212954895
1034.9245694172062
1034.92118906057
1034.903129135789
1034.8911777687315
1034.884007188657
1034.893978780426
1034.9100589407215
1034.9290848314254
1034.937125036352
1034.9314993613705
1034.9437646677457
1034.954411779558
1034.984302233195
1035.0236341743478
1035.053912316125
1035.0771160525576
1035.107394791331
1035.1244900829174
1035.1476944022197
1035.1778036380124
1035.205668235044
1035.2242605344113
1035.215906767862
1035.1930900840614
1035.1421433254063
1035.1007341721383
1035.05493039464
1034.986091993275
1034.9326824286454
1034.8903073081563
1034.8440207285776
1034.7855170842877
1034.7169447828267
1034.6623531039693
1034.6163826299257
1034.5587960930943
1034.5078501301448
1034.4595837874072
1034.4122826231164
1034.3710893604962
1034.338949908242
1034.3068608517506
1034.279914683127
1034.2524859748712
1034.2338445682187
1034.2140222864646
1034.196130085954
1034.1836475321998
1034.1706825004285
1034.1530571240962
1034.1381110183327
1034.115342821264
1034.0918252906793
1034.0827714172315
1034.0568417060958
1034.0404483429975
1034.0346076497328
1034.0258208664532
1034.0196616326868
1034.0233571778504
1033.9930674746342
1034.0149310172567
1034.0383449709982
1034.0592955643576
1034.0695297188427
1034.075586040385
1034.0838904645418
1034.093426722257
1034.0970708347454
1034.1141622988994
1034.1224668349091
1034.139609672483
1034.1611460725271
1034.1824157408819
1034.1968793625888
1034.2119782813386
1034.2209688223184
1034.256802878648
1034.2943507718057
1034.3360254626489
1034.3605576079399
1034.3738389955085
1034.404478794229
1034.429826016932
1034.4613315533088
1034.4901578240851
1034.51067922715
1034.5194670457306
1034.5290037982043
1034.5444819757984
1034.565802108726
1034.59055075641
1034.6225898103596
1034.649003467571
1034.6666290757485
1034.6795946112325
1034.7042942528822
1034.7202056916788
1034.7419597172486
1034.7749163691713
1034.7925912820285
1034.8141775319243
1034.8474006338367
1034.8746126974368
1034.9168908577
1034.9540749326902
1034.9939394354315
1035.0301581944207
1035.065145720814
1035.0778466642832
1035.0971876764497
1035.1189915146158
1035.1368836224017
1035.1650619177724
1035.1878317373896
1035.203043380975
1035.2101185751667
1035.2201395188815
1035.2466034662714
1035.2564066773757
1035.2843197581087
1035.3031779223513
1035.2884967683333
1035.2622980823753
1035.209900857694
1035.170953390973
1035.150115589251
1035.1099366960143
1035.0717376607622
1035.0379333041747
1035.004611868436
1034.96271858505
1034.9254854907729
1034.886320986616
1034.8402992391464
1034.8025835225724
1034.764385061405
1034.7222752287253
1034.6811310410512
1034.6358093545746
1034.5949314628215
1034.5537874755223
1034.5158058738984
1034.4768589127416
1034.4450357205399
1034.4156760391734
1034.3870151849092
1034.354659120894
1034.3277125447428
1034.3076232509281
1034.2755337060012
1034.2505681714874
1034.23808543012
1034.21606611082
1034.1950118748946
1034.165119292101
1034.1433157520128
1034.1276200663694
1034.1121912737706
1034.1154043575145
1034.1232265149135
1034.1305662194495
1034.1335123694416
1034.1491567573926
1034.1565477455974
1034.1504911020631
1034.154504583584
1034.1682700243537
1034.178391061854
1034.1896927268174
1034.1861503257228
1034.1808426946222
1034.2016295104493
1034.2185053730575
1034.2361304741462
1034.2525238896542
1034.2639904967707
1034.2752412072898
1034.2913681739528
1034.3099586316189
1034.3187460440126
1034.3231397614738
1034.324638011439
1034.3392022125074
1034.3522679602875
1034.3704762367163
1034.3940432219704
1034.4281780352437
1034.4546909002734
1034.4882769569085
1034.5186508692893
1034.5359602978788
1034.5520382926918
1034.581830729803
1034.6138205115735
1034.6492392919872
1034.667032468166
1034.6816632034054
1034.6853085535827
1034.698274445515
1034.7041169368574
1034.7220092008686
1034.7526014381397
1034.7731736363871
1034.7890855995665
1034.811106280384
1034.8331270391423
1034.8624881720625
1034.8867063334208
1034.908244504054
1034.9297827314538
1034.9422662438003
1034.962355890356
1034.9924661357247
1035.026536471563
1035.0637699098645
1035.1049150869476
1035.1470262910104
1035.1923010489718
1035.2295347306479
1035.256965079997
1035.2738438061645
1035.2640404434114
1035.2326982068043
1035.1758576979578
1035.1124250424236
1035.0301342358005
1034.9725936545856
1034.9103930237775
1034.8442810084698
1034.7825636031107
1034.73016699139
1034.6731102347273
1034.6143392886836
1034.5528888049741
1034.4975469696046
1034.4436531669835
1034.3966167323385
1034.3650093728777
1034.3365640298546
1034.3147600856278
1034.2885623579978
1034.272383991309
1034.2461863102997
1034.2226680358276
1034.2177918315138
1034.1948072891948
1034.1840387996604
1034.1651811547897
1034.1566095020685
1034.1347442076817
1034.1251563753383
1034.1124067964784
1034.1057650467699
1034.084762329342
1034.0689026648054
1034.059417840898
1034.0481672280198
1034.0400782057702
1034.0308089326766
1034.0259330997555
1034.0262001179003
1034.0155352640747
1034.0222284537533
1034.0357270452653
1034.0492255820652
1034.06588566337
1034.06883171754
1034.0734920200541
1034.0769205232207
1034.0788503468182
1034.0905319639526
1034.1026961183652
1034.1224668349091
1034.134898060032
1034.1446501015919
1034.15879576225
1034.1697797316158
1034.1830628401462
1034.1982758470485
1034.2102249301747
1034.2165486241252
1034.2262499471385
1034.2250181374593
1034.2286114633719
1034.2339191166723
1034.2402429004474
1034.2475828193453
1034.2615133809968
1034.2720152785325
1034.2874445152224
1034.2952670395614
1034.316271070869
1034.3360942705283
1034.3515236329392
1034.3679181556872
1034.3808839597355
1034.401939110035
1034.4156541634475
1034.4349949819764
1034.4555675980746
1034.4721784465562
1034.48123303623
1034.4976278540973
1034.525274407691
1034.5509904255116
1034.5799189498102
1034.6220299905428
1034.6558353789408
1034.6847140843843
1034.726874987501
1034.7650747657042
1034.807669055479
1034.8546580139755
1034.8833203878971
1034.9065736032126
1034.9540947310043
1035.0023645259446
1035.0508515096421
1035.0976724297386
1035.1368869249065
1035.1542486992125
1035.1338929227825
1035.0998215678637
1035.031509839953
1034.9761652128693
1034.9000307160948
1034.8243795921326
1034.7577837458482
1034.6918875502445
1034.6213807400482
1034.5594463071836
1034.499226624331
1034.4536875298465
1034.408364615249
1034.3701658142659
1034.3329322193938
1034.305984851005
1034.277056331317
1034.2481788558764
1034.2226790006766
1034.1991603335496
1034.1724284556724
1034.1562496804409
1034.1425347084653
1034.126674494078
1034.1149409746579
1034.0990292985666
1034.0855814940146
1034.0682226034744
1034.0486670225446
1034.0352193793367
1034.0230037122292
1033.9961008377113
1033.9853844576671
1033.9690428809308
1033.9516847694053
1033.9291838931451
1033.9125754855258
1033.8952176139662
1033.9005235261557
1033.9006865788053
1033.9069571741513
1033.9062075811303
1033.9118328377695
1033.9176732270598
1033.921101839312
1033.9242632254695
1033.934066715811
1033.9484787362876
1033.9653547027096
1033.9797668547162
1033.9969100840228
1034.0130885169526
1034.035322963257
1034.065379760302
1034.1037415444907
1034.1318691156803
1034.162943097664
1034.1944997151545
1034.2167865214128
1034.2497909364633
1034.2559388280706
1034.2918383152705
1034.3221125734444
1034.3443486381477
1034.3700136302534
1034.3829795197155
1034.3844272596796
1034.3880719781635
1034.3875893971958
1034.3941803407754
1034.400072768721
1034.4111083777261
1034.4133053698497
1034.4216613678502
1034.456165374756
1034.4855263316845
1034.518582721943
1034.544565302197
1034.57349396245
1034.5928351282087
1034.622462791217
1034.6266235446062
1034.6583982063917
1034.6977796701885
1034.733683117136
1034.7549555258195
1034.7701192160846
1034.78699738198
1034.798781636687
1034.817423528716
1034.8414254449924
1034.8637129563974
1034.8698218860561
1034.8852027126857
1034.895972154913
1034.9204571064859
1034.9559774419845
1034.9949266649187
1035.0409508777996
1035.0600754572333
1035.0644701957456
1035.0495231052817
1035.0144855649255
1034.9706099534271
1034.9215908332833
1034.8618020265853
1034.80254526753
1034.7386281867043
1034.6659226974866
1034.5961138374305
1034.536591617528
1034.4812474756523
1034.4226906210883
1034.3650863539071
1034.3188996485624
1034.2722310366876
1034.2130289749748
1034.175261929672
1034.1416728019983
1034.101493133832
1034.0664565084119
1034.0436356291727
1034.0286887931695
1034.0225289793168
1034.0149219460484
1033.991188061861
1033.9671870131347
1033.9483812504243
1033.94157603064
1033.9367524405643
1033.9424299510872
1033.9334280689616
1033.9263556616743
1033.9138730598386
1033.9104444195518
1033.9116763890377
1033.9152679179633
1033.9267336897
1033.9411458375987
1033.9523966095492
1033.9794547675622
1033.995099167833
1034.0150851439348
1034.0326593243285
1034.037268098045
1034.0551096253644
1034.073700807952
1034.0871488526977
1034.1062225807716
1034.1285098495912
1034.1625309567714
1034.1936573485962
1034.2144458023013
1034.2435908618565
1034.2673258142183
1034.2881657152661
1034.3035954881184
1034.315812151861
1034.3282956629694
1034.3326896018466
1034.3395473119376
1034.3500496595743
1034.3424425973446
1034.3372992988202
1034.3363342088714
1034.3463540129271
1034.3541768559014
1034.3573899428495
1034.3674607300238
1034.3667623482784
1034.3520187700037
1034.3575936672548
1034.3692769608479
1034.3734042123801
1034.3941931760696
1034.4118200417563
1034.4240369822078
1034.4217892098745
1034.4350221261784
1034.458541666985
1034.4717745677353
1034.487471092687
1034.516616541145
1034.5432984398567
1034.564837077872
1034.5846613244958
1034.6189503068495
1034.644933412722
1034.6826513175513
1034.7242312049698
1034.7580376773365
1034.7749656865176
1034.8058259705601
1034.8340062251666
1034.8484707641253
1034.8790650701774
1034.9032844541118
1034.9199463106588
1034.9410028058296
1034.9549355476267
1034.8604639493542
1034.8613543114304
1034.8358770528102
1034.8013926872263
1034.7385907869611
1034.6674348497413
1034.6043864324593
1034.540638161805
1034.4727618148797
1034.4198321051808
1034.3710802634828
1034.3171852705314
1034.2713796271469
1034.2275040165782
1034.1819138636483
1034.1392698521156
1034.0975905900063
1034.0610542799952
1034.01937461591
1033.979676425327
1033.9549253159896
1033.9172087839625
1033.8862972962045
1033.8625106649276
1033.8350803925275
1033.810596646717
1033.7885242772638
1033.750163870354
1033.7254657672115
1033.7051609868372
1033.7016790850569
1033.6784810311692
1033.6837321426742
1033.691983061188
1033.6871076389523
1033.6872688009364
1033.6891443146958
1033.6966985972113
1033.7047351228437
1033.7257370884986
1033.7496858367094
1033.7768490736273
1033.798439888203
1033.8234065088782
1033.8258178728581
1033.8343900781076
1033.8412478441248
1033.8417301248833
1033.839533402469
1033.8373366819317
1033.849820053918
1033.8750544001462
1033.891931308527
1033.9142191201365
1033.954883555368
1033.9847789492012
1034.0124774939381
1034.0274251563258
1034.0431224876795
1034.0558732794048
1034.062731063617
1034.0837347736417
1034.0996472796276
1034.1126133135767
1034.126328985116
1034.1304555817424
1034.1476002251648
1034.160566366455
1034.161798390484
1034.1728347597941
1034.1890145033074
1034.2005332946414
1034.2078736215287
1034.217893368767
1034.2342885541366
1034.2494517924015
1034.2626851020666
1034.2835257688341
1034.3060808567952
1034.3347443707707
1034.3455137505873
1034.3653380750743
1034.3959318983018
1034.4260432627027
1034.4612981834296
1034.4951053761367
1034.5269314773163
1034.5598238900138
1034.5765868241706
1034.6040184478086
1034.640505185388
1034.663326168327
1034.6712326098595
1034.7159251487135
1034.7373468936532
1034.7599008411678
1034.7958053252612
1034.82816331419
1034.8568754911526
1034.8801781365066
1034.8892332121059
1034.863250479773
1034.823552076889
1034.7632801970599
1034.7071861339327
1034.6503430905207
1034.5931676657171
1034.5271547701168
1034.4735759197874
1034.421927963442
1034.3697469594858
1034.3126385508017
1034.2623874809315
1034.2217245003585
1034.1929593778668
1034.1558887227816
1034.125675293814
1034.0966934813368
1034.0718898292405
1034.0233510689957
1033.9770088770854
1033.9475434239869
1033.9249881311166
1033.9000739372073
1033.8860381292914
1033.8793950855606
1033.8678233580995
1033.8574836928537
1033.8371247826467
1033.824373601683
1033.8064790007252
1033.8052467898267
1033.8003179298844
1033.8070143872603
1033.8194978799472
1033.8427504514675
1033.8574307437923
1033.8762898995192
1033.9046860324906
1033.9367787080253
1033.9855337907525
1033.9855337907525
1034.004869983188
1034.0199221932205
1034.035352137389
Keyboard Interrupt
