CHIP_ID(id=88)
1034.715802081198
1036.8850338061827
1038.4996477238228
1039.689299602991
1040.5490672189708
1041.2132552898338
1041.6811303103434
1042.0410864237735
1042.3363398596475
1042.606939302011
1042.8604518120178
1043.0626822862423
1043.2075198287746
1043.1857815148674
1043.0917456205884
1042.9444635993004
1042.6965512241761
1042.4720871625539
1042.3201650460562
1042.2544623157507
1042.2454327719706
1042.3057667363191
1042.3871071121705
1042.431076078637
1042.4899282392448
1042.6032542351504
1042.7400293950443
1042.8858431191304
1042.9867177374765
1043.0516873292152
1043.0856378884396
1043.1391284164795
1043.185292148438
1043.2534385975532
1043.3325776466684
1043.4427391601916
1043.5597415414625
1043.704103426737
1043.8066967111288
1043.8218419985342
1043.8318577063392
1043.8022892004833
1043.8193911464928
1043.8296520291349
1043.8391806842128
1043.8237936933724
1043.7712782264744
1043.7466091058905
1043.76126559045
1043.7695713392025
1043.788868781449
1043.8135410950554
1043.8098777287275
1043.7663981081707
1043.7048433588895
1043.6247224504564
1043.564388622222
1043.4637499921557
1043.3501651577126
1043.227543072218
1043.1484009192018
1043.0778083357159
1043.0069711931703
1042.9241666660034
1042.84013938915
1042.7798067617662
1042.726801857753
1042.6723325109829
1042.6200614001655
1042.569254866005
1042.5047698184972
1042.4561644070218
1042.4104875826301
1042.3484464897267
1042.2951967386962
1042.2773648491413
1042.230712194273
1042.2097066405443
1042.1813740052744
1042.150109779311
1042.11908741047
1042.0939239736624
1042.0580182072588
1042.0191807374279
1041.9910898767382
1041.974730914325
1041.9517695192883
1041.9459059804724
1041.9578745063893
1041.9708186731352
1041.9730162842827
1041.976189536928
1041.9722821271826
1041.9276157228094
1041.8936670645671
1041.8521555471034
1041.8052689782887
1041.7635067876745
1041.7171034381647
1041.6518936287166
1041.6064661498137
1041.5615264580606
1041.5124330178387
1041.4743385487698
1041.4628583591611
1041.4584638424394
1041.4523596555161
1041.444786407782
1041.480202099306
1041.5278624469718
1041.5904136170811
1041.678354692892
1041.7848287424201
1041.8957267258188
1042.0334600204026
1042.1548339387093
1042.252766408866
1042.3660909596374
1042.4381410905037
1042.5087221462272
1042.561966511983
1042.6257125802672
1042.6940941439766
1042.7402579506095
1042.8086419607787
1042.887288224159
1042.9380917716173
1042.999644700117
1043.042151427426
1043.122755464389
1043.1855300473662
1043.2705338239039
1043.3455238658303
1043.4122094502677
1043.488177724169
1043.5543751735088
1043.60860338486
1043.6669839864023
1043.707532996761
1043.7598076657732
1043.784478833478
1043.8006004249653
1043.8133021751817
1043.839684771415
1043.8650899364263
1043.8829214453845
1043.8941585547527
1043.8875623980418
1043.899043011418
1043.9044162509604
1043.9293327027053
1043.959622394915
1043.9415455600451
1043.8753477235139
1043.7849675802013
1043.7014269861515
1043.5851533984462
1043.4385907404483
1043.3061962704132
1043.1806416674674
1043.031882244489
1042.885076707094
1042.7145785187158
1042.5548283745563
1042.392880915115
1042.1962495942848
1041.9920461436707
1041.8118084300681
1041.663292607491
1041.5436016147842
1041.4551806123536
1041.4046220430484
1041.3609027359967
1041.292999515803
1041.2482981970834
1041.2104358737952
1041.1337362593126
1041.062173933277
1041.0069743971287
1040.9630081133985
1040.9008157599892
1040.8915067508442
1040.8710666762736
1040.9311111040934
1040.9719038632281
1041.031239474262
1041.0917982267224
1041.1426096915147
1041.1870694399192
1041.2205359391876
1041.2559734970137
1041.288718550854
1041.3278073394458
1041.3644382467216
1041.4074205186464
1041.435997428228
1041.4591983670232
1041.473604034946
1041.4582168904683
1041.4301274284812
1041.3764255776193
1041.3624681633303
1041.3178166910088
1041.313896445352
1041.3109578734905
1041.318277240107
1041.3248687641901
1041.3424529719528
1041.347581983528
1041.3400086635995
1041.3478223914417
1041.3719715458801
1041.3790840767936
1041.4079015668226
1041.461363792215
1041.5131301580755
1041.5363130363091
1041.5709894019415
1041.5748903342492
1041.5922286887
1041.6190912411128
1041.6623172925038
1041.704086509152
1041.7153205754
1041.7390108757074
1041.7519548045866
1041.785416295097
1041.8313342233716
1041.8860478805962
1041.9456496610262
1042.0047634858138
1042.0782850954224
1042.138128403045
1042.2148239852445
1042.2895680776714
1042.3975293149954
1042.469587921431
1042.5296892558113
1042.649373732969
1042.7417021534393
1042.828413691956
1042.9344242296713
1043.0216255139276
1043.0797608650146
1043.1430251155514
1043.2077558929025
1043.268090268669
1043.314257210402
1043.3648211356203
1043.414163671442
1043.4664376475846
1043.4940401215028
1043.4920861141666
1043.4449417482263
1043.3816757367854
1043.2868990138754
1042.8875860058665
1042.7596069580984
1042.6076782256762
1042.443777222411
1042.282312446357
1042.1071694959248
1041.9752566143611
1041.8499427141342
1041.7409955105402
1041.6413302611666
1041.5343436866308
1041.4334680327402
1041.3482207112354
1041.267912935469
1041.2442026846913
1041.2185421318334
1041.1855547746359
1041.132545143997
1041.0617027274511
1040.9974592982037
1040.9337368902097
1040.9139468702817
1040.8841549451856
1040.8551157325676
1040.8297355998584
1040.8124082071784
1040.8026461134273
1040.7790110505357
1040.7529227818636
1040.7385453610323
1040.7287923293197
1040.7366220947392
1040.7688725677951
1040.7896431616612
1040.841424715521
1040.8841631583452
1040.9490870221466
1040.97910127472
1040.9993456585262
1041.0186233264658
1041.0281384556777
1041.0552374688978
1041.071104029248
1041.0738113202897
1041.048669430855
1041.0330506181556
1041.0178884102552
1041.005665584663
1041.019334892131
1041.05205800379
1041.0735409206113
1041.1221161204876
1041.1782735068134
1041.2356540867793
1041.2942649684585
1041.3472596829506
1041.3833976940118
1041.4339555765143
1041.4598489921602
1041.44280402415
1041.4479201727156
1041.4520611803568
1041.4408145305217
1041.4439803063024
1041.4429985631407
1041.4578921530313
1041.472051183434
1041.517473788042
1041.5509347133502
1041.5629031602243
1041.584395741739
1041.5836611912653
1041.6193259045922
1041.6522994280979
1041.683810016958
1041.7346159094677
1041.8091123014772
1041.8728624733021
1041.934415249146
1042.0223493599449
1042.0795070307202
1042.163041588482
1042.2502422181078
1042.345016213872
1042.4143852879984
1042.483024102057
1042.5538608163513
1042.5951422443122
1042.6547435938849
1042.7140995885054
1042.768326132137
1042.8196212976502
1042.8765343675084
1042.9600719983746
1043.060709785611
1043.1493777655037
1043.1984747649649
1043.2138636012178
1043.1767348959156
1043.1088285840704
1042.964955256592
1042.841112210556
1042.6889354941675
1042.5291865896888
1042.3460369946613
1042.1953221615406
1042.081001686457
1041.9928186566526
1041.884851675922
1041.7756674303428
1041.6799203879473
1041.5949198503613
1041.5135795702236
1041.4290801398533
1041.3695136478448
1041.3407094046136
1041.3070167848418
1041.2538184342693
1041.190349931733
1041.144699389088
1041.1122316061505
1041.0531385595468
1040.9906194106647
1040.9486152280965
1040.9034396818936
1040.8794738807312
1040.8413512886195
1040.793713763273
1040.7656165213575
1040.7228677382163
1040.6925731553624
1040.6869482136462
1040.6749719189932
1040.6925283954606
1040.6744937266108
1040.6959566631958
1040.690588660474
1040.6724816743488
1040.6338671791482
1040.571364063981
1040.5210681175618
1040.4765980155603
1040.4292050298236
1040.3979240473468
1040.385935975145
1040.4208446925002
1040.455763881494
1040.5153446688555
1040.5651646949127
1040.6120526914829
1040.6574795567258
1040.6960676938918
1040.7375790458989
1040.769328612652
1040.782519286936
1040.8262371301205
1040.8638514042127
1040.8948747110496
1040.91979418392
1040.919554812849
1040.9366521569698
1040.9725566122954
1041.0079737891665
1041.0480247654323
1041.0907684180706
1041.1413259129213
1041.1899339337922
1041.24196144617
1041.2871499234345
1041.3372203662357
1041.387290944415
1041.442490958997
1041.4903644787958
1041.5350655247453
1041.5983270851068
1041.7177705227948
1041.7177705227948
1041.7874375387007
1041.8253625098919
1041.8654595384592
1041.9338723028568
1042.0000722150555
1042.0735891276656
1042.120240820847
1042.1810313423318
1042.2208237298923
1042.2503624061505
1042.2923632469212
1042.328502192402
1042.3851605288435
1042.4423076366809
1042.4342943972981
1042.489709715444
1042.528547390949
1042.5947267044849
1042.6582158576587
1042.7102290359614
1042.7099762960831
1042.643532244127
1042.521154346757
1042.3753288194464
1042.2233967972045
1042.0580317695642
1041.8977956662072
1041.779569192905
1041.676735894775
1041.5790319637772
1041.4718041017952
1041.37922964282
1041.2986235242406
1041.2141104396753
1041.113722267142
1041.0238405909959
1040.9305398912259
1040.8360171756015
1040.7512660279015
1040.6806802032015
1040.6491792694674
1040.6237818941022
1040.5766455385578
1040.5561290721973
1040.567361498995
1040.5424514359868
1040.514609111508
1040.4726022006068
1040.43938233648
1040.4098304804365
1040.3626947737764
1040.3074977737751
1040.270133546087
1040.2227494306376
1040.1695004250273
1040.122603197423
1040.0791253038967
1040.0246649070664
1039.9919436251319
1039.9680200870096
1039.9506860223448
1039.9423870609485
1039.9431231465257
1039.9558267654427
1039.964861803043
1039.975855753767
1039.9885593326844
1039.9707501894154
1039.949046848145
1039.9329593580617
1039.9263818651407
1039.9276163098789
1039.9469201143497
1039.992354303504
1040.0414564990726
1040.0964119173136
1040.1530768487473
1040.1994842487245
1040.2195541385265
1040.2471865326302
1040.273585402615
1040.2955907210742
1040.315389140641
1040.3215015256915
1040.3561590524437
1040.3830338430878
1040.4391708804903
1040.4999600260367
1040.5773586509404
1040.657451375221
1040.7268089851796
1040.7548162974665
1040.8317345544503
1040.9020400658926
1040.9601632134268
1041.0295183242542
1041.1369287888763
1041.27267212958
1041.400126548192
1041.5178333211109
1041.6247909107144
1041.7329785253123
1041.8611970221143
1041.9767201166903
1042.0932247147819
1042.183591888049
1042.2864202918265
1042.3645787340492
1042.4522660464877
1042.5265207887041
1042.6037070147754
1042.6733205922358
1042.7285224699765
1042.7771414783467
1042.8574977181895
1042.8999961286836
1042.98841624332
1043.068532686237
1043.1567102590175
1043.1896853479102
1043.1818686482025
1043.137656328953
1043.0333565664082
1042.8775175824014
1042.7148397004482
1042.5111268624396
1042.308394447883
1042.1178741136857
1041.947142652994
1041.786671247013
1041.622781706625
1041.4662777227436
1041.305648739829
1041.2130483673404
1041.0960291143067
1040.9848784255419
1040.8918052694717
1040.819494861937
1040.7584250243447
1040.748654171949
1040.7354549600404
1040.7415583994764
1040.7581680434666
1040.7459611403472
1040.7181190816195
1040.709570693354
1040.670735300426
1040.5419909954016
1040.5307040229204
1040.5445915131495
1040.5618421340948
1040.6689839318142
1040.687583975155
1040.73587846765
1040.75317070142
1040.673744828154
1040.6584263842733
1040.6925488699894
1040.7120128782374
1040.708833237975
1040.7071237229438
1040.718842499236
1040.734228167261
1040.7344675894306
1040.656444356817
1040.62099955723
1040.5767492143268
1040.5163847893416
1040.450908240605
1040.3912943864061
1040.341489255409
1040.288265680832
1040.2577531718016
1040.2516607767657
1040.2262669989882
1040.2186628945026
1040.1971438976245
1040.175386127615
1040.1641339604496
1040.1653459862898
1040.1484886587812
1040.1650866019643
1040.1702152660046
1040.2005003253266
1040.2322462646587
1040.264976539388
1040.3176939430905
1040.3296711398855
1040.3648167174233
1040.3916632484577
1040.4321870179065
1040.489081860699
1040.5596543515771
1040.6412207972817
1040.7078972080192
1040.79557689902
1040.873238364426
1040.9477288105136
1041.0400434895637
1041.1484812402994
1041.2664505288665
1041.4027395747225
1041.52730179416
1041.6523525792302
1041.773502559331
1041.88195021961
1042.010180959096
1042.1022655969728
1042.2080243286216
1042.3052349242782
1042.3865701226534
1042.4552066395831
1042.5255528848413
1042.6247224152837
1042.6894487766806
1042.7693203865595
1042.825010117419
1042.8828981587837
1042.9232001443252
1042.9417631410597
1042.9261300642077
1042.8782555404969
1042.8152379056576
1042.6650214050212
1042.506745360289
1042.3484704883888
1042.17896239772
1042.0099438131945
1041.8697456676935
1041.710500189187
1041.595702613021
1041.4933606901593
1041.3937101531365
1041.2706117885798
1041.1423848787717
1041.0246563218102
1040.914262117637
1040.8258463101124
1040.743782153728
1040.684679172565
1040.6197120758463
1040.5640288335894
1040.497133226902
1040.4497406715484
1040.4096834453726
1040.336656111808
1040.2492583982485
1040.1840445313371
1040.1307978516325
1040.0658440658171
1039.9804665596407
1039.8945718704158
1039.8357247077058
1039.7698378393245
1039.6946575975865
1039.6391831332828
1039.617659504024
1039.6076274561842
1039.5890603044056
1039.572452150435
1039.5661008637692
1039.585878419761
1039.6222642266448
1039.6471703681639
1039.6784278611055
1039.7116442991924
1039.7285377454193
1039.739067591575
1039.7371442976196
1039.72617525902
1039.7220322028654
1039.7093420470594
1039.7029910776334
1039.7232666629775
1039.7686502207202
1039.8216084258047
1039.8736054655428
1039.9236558871958
1039.9956591313878
1040.0688867079468
1040.1340658104423
1040.2085296343917
1040.2854399360285
1040.358693752314
1040.4297517693055
1040.4937333538842
1040.570169918825
1040.6397777531292
1040.7325853960697
1040.7990135490174
1040.8722806652156
1040.9306485325908
1040.9890247475785
1041.0427592729284
1041.0725584846239
1041.112128253353
1041.1024542701875
1041.1649601555216
1041.225029699066
1041.3175829475547
1041.3937755284053
1041.4689937738226
1041.5405465920908
1041.6101496180318
1041.6895236230769
1041.7774466969845
1041.8780725081624
1041.9708844386778
1042.0707774643386
1042.1606588641885
1042.2324674469023
1042.2923080677376
1042.3511727426055
1042.4171189011158
1042.497476843989
1042.5707506953095
1042.6330352558061
1042.7099743158224
1042.7874035508928
1042.820622189345
1042.7869152916924
1042.7744569844474
1042.778853015233
1042.730003204214
1042.5937109258382
1042.4344588783836
1042.2869331342085
1042.103991955276
1041.9374150008452
1041.778411735682
1041.649696255601
1041.5200123778866
1041.3949587152485
1041.2828548485497
1041.1683144887597
1041.099680790635
1041.0273879657727
1040.9246099903794
1040.8720911204093
1040.8323160703894
1040.808629652713
1040.7530328836633
1040.7020456896828
1040.6708215059446
1040.6610182226025
1040.639991522982
1040.610912657284
1040.5874579201216
1040.5874490226406
1040.590611099536
1040.6011073682575
1040.5962179035382
1040.5818064449772
1040.547615853758
1040.5095191342643
1040.447489198443
1040.4118662038652
1040.3711058308568
1040.3176444125645
1040.2722341850529
1040.2212090770809
1040.1889882823225
1040.1714171115896
1040.1855491950507
1040.1613478835127
1040.1645079084017
1040.1505731665839
1040.1398085200617
1040.1578668430516
1040.1905544915246
1040.2244652756751
1040.2451974647456
1040.279119488715
1040.278860558197
1040.296920079951
1040.2983810379005
1040.2949618539196
1040.283233031154
1040.2683336532616
1040.2228997691325
1040.194572381667
1040.1476884629935
1040.1476884629935
1040.15555431957
1040.1480123963202
1040.1414230203343
1040.1480123963202
1040.1770640638572
1040.2168602348277
1040.2823002712375
1040.330645153161
1040.3948737118142
1040.4796176207312
1040.5997763688752
1040.7094300852316
1040.8420863289714
1040.9883686359308
1041.1424662814197
1041.2679968334162
1041.4174762489201
1041.5430375602994
1041.7919424975503
1041.7919424975503
1041.943125100604
1042.070611135568
1042.1990706191286
1042.3045731889254
1042.4203353508701
1042.5419617749028
1042.6469813127262
1042.7363717947946
1042.839685740327
1042.8997692518833
1042.9847660044406
1043.0575514386326
1043.1452363967517
1043.1982383482127
1043.2302349650786
1043.2397606855675
1043.2009250542974
1043.0976081948386
1043.0077254212445
1042.9119808949413
1042.7832638423176
1042.628168612604
1042.4435238560632
1042.2169165472246
1042.0481442678763
1041.8578781584654
1041.4389305483921
1041.347019233407
1041.2431466266605
1041.1153561479298
1041.0068652687598
1040.8817813329185
1040.7552379546153
1040.6414008744096
1040.5334341363603
1040.4208339058937
1040.328260346662
1040.2625519109674
1040.2078359672532
1040.1411528483854
1040.07227296378
1040.0195258334554
1039.9784966975585
1039.9286822282352
1039.8959633745005
1039.8754489679318
1039.860799163408
1039.825183547689
1039.8026988679749
1039.766585498183
1039.7599729736423
1039.7665497274336
1039.785591825377
1039.8058567854976
1039.7800711674113
1039.7692921837643
1039.770776028971
1039.7434835659465
1039.7532535159182
1039.7603405314599
1039.7662048244144
1039.7862314005597
1039.791122145893
1039.7935675087685
1039.7674391848132
1039.7540129088663
1039.723278399303
1039.6920458667453
1039.6764001413287
1039.6969012197035
1039.7149688128177
1039.732787227107
1039.7713680400498
1039.8048206892925
1039.839745163019
1039.8632016547872
1039.891775073413
1039.950133545719
1039.9843222120494
1040.0402360584274
1040.0871161625685
1040.1318105338105
1040.15873589657
1040.172948241604
1040.2307699698424
1040.263000623775
1040.2998241153427
1040.3430090332017
1040.3754604122287
1040.40279334911
1040.4218272607836
1040.4731038237812
1040.5368347815338
1040.5983696409667
1040.6611274215288
1040.7273048509232
1040.786405060598
1040.8518565806514
1040.9280531893755
1041.0018056578913
1041.0628640057278
1041.1358896748013
1041.2218576752477
1041.2838913454984
1041.3796301392752
1041.4568101847458
1041.531792942758
1041.6158058468884
1041.698602674354
1041.7557549555586
1041.8353740837606
1041.8959457941862
1042.0107384943858
1042.0107384943858
1042.0791516515262
1042.0892403839705
1042.1085513734504
1042.1166045951315
1042.1212388906883
1042.088267686838
1041.955654873776
1041.8308587889876
1041.7133880303566
1041.5614859268246
1041.4320537303356
1041.3006657088558
1041.1665933278534
1041.040581138865
1040.9014329476213
1040.7747284151972
1040.641182625247
1040.5159308308694
1040.412167182931
1040.307421952876
1040.2036519413246
1040.0974382993322
1040.0353472746378
1039.9630173600112
1039.8999453718832
1039.8530346414261
1039.8083192888616
1039.7371912398203
1039.6541539165157
1039.5913554444148
1039.5466357479113
1039.5116853619716
1039.512882838662
1039.5426547776003
1039.551676165504
1039.5392104600887
1039.5252848586786
1039.505520073731
1039.54458857933
1039.5582644894848
1039.5726766370396
1039.5973456877994
1039.6205423492727
1039.6596111986942
1039.705031520501
1039.762181137522
1039.8046694560542
1039.8483923277165
1039.8813597351386
1039.8536696551826
1039.8198094787133
1039.7793390227034
1039.7790106107436
1039.771379622169
1039.7803671273289
1039.7739810112882
1039.7873840753812
1039.8276640309386
1039.8645253671475
1039.886499733622
1039.9140895025332
1039.9272674120955
1039.9565669375268
1039.988798808318
1040.0159132910953
1040.0608477527276
1040.0938156335856
1040.1333835722794
1040.161958617979
1040.199578656141
1040.241829820531
1040.2914061138322
1040.3619839145845
1040.4154665731276
1040.4753004573229
1040.5241511443046
1040.6106025926324
1040.6836259923243
1040.7727621634895
1040.8479828463473
1040.917587700526
1040.9984247949196
1041.0748682356912
1041.1610818320353
1041.2280026290732
1041.3178824736688
1041.429005477931
1041.5266930993853
1041.6304856221122
1041.7440490913402
1041.829298039526
1041.9262752183085
1042.016153743174
1042.1206952400605
1042.200809361162
1042.2875149280183
1042.3581000258005
1042.4418703631884
1042.5459099445097
1042.6225965939216
1042.6724261402521
1042.7217624893158
1042.7740224720965
1042.7442269694086
1042.7400740519047
1042.6284655484321
1042.46288535878
1042.3043887882025
1042.1251365126138
1041.9383142260876
1041.7817760283763
1041.6105829399087
1041.483836277292
1041.3651494752673
1041.2725922160482
1041.1802819453926
1041.0962448727241
1040.9739625911636
1040.90407275908
1040.7871660281887
1040.7009859810348
1040.6623651730172
1040.6413072881053
1040.600964691529
1040.5164302499404
1040.430928361064
1040.3576396427152
1040.2958392085848
1040.2501594038936
1040.1910518218933
1040.1241321735658
1040.0581862361794
1040.0117915570165
1039.9629517974747
1039.8896810638523
1039.8210519529136
1039.768781726686
1039.717496802439
1039.6723260240399
1039.62446036942
1039.5917305840746
1039.573412864701
1039.5453248368024
1039.530189121156
1039.5397097643158
1039.526520489042
1039.5328718229875
1039.5304260680164
1039.511871409909
1039.4808509962938
1039.4300661452294
1039.3856198110036
1039.372180664004
1039.3575318222654
1039.372180664004
1039.3873160741796
1039.425661012831
1039.4859794480753
1039.522128310009
1039.5721900075525
1039.6342306260744
1039.6833190736552
1039.7316714901876
1039.7680575693114
1039.793711771084
1039.8384077354112
1039.877239249594
1039.946841670051
1040.0032550593576
1040.0691898435632
1040.1331982968704
1040.2208593674334
1040.3087698510788
1040.393749030128
1040.4762934648
1040.5522390689007
1040.6101154292824
1040.6604274697254
1040.7188085600783
1040.749828160677
1040.8208939864544
1040.8824377488147
1040.9354338706187
1040.9957556817433
1041.063410654304
1041.1137438849455
1041.1911945277031
1041.2018206587625
1041.2740972245533
1041.3422271677807
1041.4259833861
1041.4865423630076
1041.5722557601937
1041.649422467988
1041.7241507973856
1041.7896023402004
1041.8653063963359
1041.9280686881789
1042.0001085178912
1042.0797235232246
1042.1393096416932
1042.1913246626227
1042.199872096621
1042.1554254672226
1042.1603084348717
1042.0653108839242
1041.939785410949
1041.7864626016035
1041.6118940572808
1041.4331719574104
1041.3193498779656
1041.2079726523477
1041.059459866666
1040.9470851337362
1040.8415506517592
1040.7467643479906
1040.6429575989678
1040.5496544384907
1040.4666164686105
1040.3740377387478
1040.2817060783832
1040.2162484800967
1040.140046753915
1040.0443047427216
1039.9480755289858
1039.859669057416
1039.7812703891527
1039.6860262063303
1039.6117825796098
1039.5551329187108
1039.5099632179426
1039.4752874182595
1039.4208345676957
1039.3673550395768
1039.3534295720958
1039.3204635181119
1039.29726771173
1039.286274577696
1039.2664977186444
1039.2171739851274
1039.173951640847
1039.1639451853378
1039.1480738882665
1039.1278109386872
1039.1358716532325
1039.161999472165
1039.2093770336487
1039.2460115651263
1039.2738489450799
1039.2806866760593
1039.2894703815514
1039.280923198508
1039.2980175671034
1039.3326928496394
1039.3678547403172
1039.4281719057324
1039.46382063747
1039.513394817873
1039.5710297416654
1039.6176718176314
1039.6706651901168
1039.720227765827
1039.7788366824734
1039.856250089766
1039.942211226178
1040.0406260472246
1040.131716455712
1040.220372399552
1040.3075672104733
1040.3798535294995
1040.4526271874108
1040.5305297343468
1040.6142964135702
1040.689763578268
1040.7776846794804
1040.8612042185455
1040.9403304717755
1040.9687551378317
1041.0164015904509
1041.071632496476
1041.1273023727701
1041.2125271802631
1041.279195389044
1041.3483074832475
1041.424745014948
1041.4931283702792
1041.5463978676325
1041.6125960211216
1041.669999111866
1041.7322578745363
1041.7891476563657
1041.8399382276932
1041.9002520543668
1041.965919082426
1042.046022022358
1042.0831424698276
1042.1590957983888
1042.1789007571542
1042.2123730315338
1042.2963672806802
1042.3874407941378
1042.4677746416846
1042.4912195077472
1042.4660651398099
1042.449215178609
1042.4377307547736
1042.3173388607963
1042.1834960019512
1042.068235268983
1041.9143658041824
1041.774414832227
1041.6469202517692
1041.5377409011119
1041.4251466782573
1041.3115765305793
1041.214613704799
1041.0929892500396
1040.9767409808812
1040.8907694549368
1040.8006517749584
1040.7159022257267
1040.6123565714254
1040.5217523079355
1040.4687574920217
1040.417223986199
1040.3957261769062
1040.2898157620712
1040.2898157620712
1040.2725022476307
1040.2656644842693
1040.2212190615546
1040.1738417976076
1040.1100850365278
1040.0363196024693
1039.9659724789085
1039.9198061687812
1039.92346291591
1039.9105342565135
1039.9076244972666
1039.9049636584184
1039.9084046318335
1039.918185273102
1039.9372485275123
1039.9758398246595
1039.9985488872494
1040.0193104308269
1040.0449514269897
1040.0303024346642
1040.0053971064933
1039.941954622087
1039.8926645187996
1039.8602197437053
1039.8255684433336
1039.8087352480002
1039.8155942520045
1039.8305018206763
1039.867867901065
1039.9054825623068
1039.988947451629
1040.0543576675946
1040.1268250752414
1040.198569279058
1040.2349537074076
1040.2735346451625
1040.3091839265912
1040.3214170242695
1040.3607238836166
1040.4058668427763
1040.4649344953477
1040.5157040656422
1040.5618421340948
1040.6236143162307
1040.682224640177
1040.7581697352953
1040.84974874211
1040.9498758619861
1041.0448749133134
1041.1533105509684
1041.2221864351598
1041.315717415166
1041.3965539859973
1041.4993742158533
1041.605854800316
1041.7023197968176
1041.8293165528285
1041.9624226185617
1042.0791628649436
1042.1995685410704
1042.3080072204953
1042.4174222901336
1042.5031482777792
1042.6047490290591
1042.690228616145
1042.771313176879
1042.8594816215646
1042.912236145131
1042.9740282138075
1042.9740282138075
1042.9789167448157
1043.0111567455929
1043.0453478512877
1043.0758747196223
1043.0714784521924
1043.004807215953
1042.9444863247065
1042.805528474872
1042.640441030912
1042.4983094139395
1042.3129532397527
1042.1283343170412
1041.981076245721
1041.8533599553762
1041.7300350589069
1041.5869067500528
1041.4477660320536
1041.3276663975691
1041.2268508135512
1041.1911676720963
1041.1427889211857
1041.1178643764033
1041.0682801770918
1041.0089264823882
1041.010381936679
1041.0321029115446
1041.0735957375996
1041.0916581022109
1041.0791979774312
1041.087470932513
1041.03786870942
1040.9987691340255
1040.9701802969296
1040.9496511774432
1040.9335230877218
1040.8915199813719
1040.852688429271
1040.84633766639
1040.8289948623576
1040.8216614519133
1040.8409534881418
1040.8773408175618
1040.8993171062375
1040.9022488452183
1040.9054203445357
1040.8717170188631
1040.7849539725003
1040.8357028896085
1040.8820672057468
1040.9172085431794
1040.9538200571992
1040.9150789111752
1040.8127221041557
1040.6500518017558
1040.4375740052494
1040.2360871567428
1040.0634220241338
1039.944972226129
1039.826522186642
1039.73175488547
1039.5844806841537
1039.5844806841537
1039.5667611031267
1039.550026270809
1039.5342279525655
1039.5291479146317
1039.5689715545907
1039.6100056436117
1039.6839454645472
1039.7427636104728
1039.80671082088
1039.876285022231
1039.9529464432596
1040.0230199585906
1040.0862668235347
1040.1663591670517
1040.2310674497824
1040.309690014631
1040.3897838050152
1040.453076743717
1040.5346742853699
1040.6338418740809
1040.7222642187867
1040.8075060074686
1040.904217221386
1041.0028838718274
1041.1345136513357
1041.2726988604772
1041.4194194023305
1041.5251253822184
1041.609838978512
1041.616908275241
1041.5658542603805
1041.3602146151075
1040.9616476946437
1040.5967845844402
1040.2062808052783
1039.9027116220882
1039.7224716240419
1039.649689267239
1039.6509120375058
1039.6680065468336
1039.6814327971701
1039.7038930879246
1039.6865611619362
1039.620628611189
1039.5485947493316
1039.4650691219192
1039.39521890865
1039.2875244086447
1039.1695737465834
1038.9739430137154
1038.9179128509882
1038.8248034305661
1038.7209631669105
1038.6325192664758
1038.5404196400411
1038.4258621532435
1038.2871380259517
1038.1637971839796
1038.0599959496365
1038.0050453006509
1037.923464821902
1037.87461347252
1037.848235512037
1037.8333371774602
1037.8257619506394
1037.8272376595153
1037.7735102380584
1037.5576292477124
1037.2289539571025
1036.8885711696057
1036.5408486170877
1036.269076026854
1035.9931478633828
1035.8540078057815
1035.9633202476048
1036.1647024119861
1036.399558229942
1036.6490855892164
1036.9159630433733
1037.2248380285673
1037.5117494799365
1037.7285817544048
1037.8960971527686
1038.0269794105552
1038.1075709042611
1038.1825483702823
1038.2751052981737
1038.336877029683
1038.4001237215787
1038.4536003659762
1038.4587447471974
1038.4361343722549
1038.4093522146147
1038.3791357379264
1038.3667333015787
1038.3874632909603
1038.4069702542718
1038.4632968125486
1038.4884504129714
1038.4860039871487
1038.4742738445548
1038.4640179405108
1038.451144596358
1038.4311671966836
1038.4101377404959
1038.3751987097762
1038.330740854684
1038.2650338897663
1038.2147270047187
1038.1622248768983
1038.1263297737942
1038.0943391901474
1038.0774805841813
1038.0677107255583
1038.0660014343819
1038.080899166283
1038.110946171724
1038.1509972688439
1038.2049233774349
1038.2866687771689
1038.376979352838
1038.477312870388
1038.591589792336
1038.696332755005
1038.8042601218656
1038.8912038837238
1038.9861938030556
1039.0657994780595
1039.135635415062
1039.2179378312755
1039.2853552746649
1039.3791237553964
1039.445541841003
1039.509027997381
1039.5654396413897
1039.6201419460033
1039.6705001207695
1039.7493596283844
1039.8399486673652
1039.9027003951326
1039.9759693361968
1040.0609449352962
1040.0821836347072
1040.0755838448176
1040.079489704012
1040.082172986133
1040.0318623037665
1040.0152543615368
1039.9793662952884
1039.884371825027
1039.7825400181816
1039.6924255788197
1039.6208658192086
1039.5319744032915
1039.467502048653
1039.3981512379437
1039.3278144289675
1039.2565046227546
1039.1866542390553
1039.1575938862222
1039.1163313660006
1039.0550281668554
1039.0081369833208
1038.9700287817586
1038.937063368278
1038.8711921749243
1038.8233141573037
1038.7847198020659
1038.7627331000397
1038.7155914595419
1038.6569856124793
1038.506623633968
1038.4763611737224
1038.4763611737224
1038.4451558344674
1038.4609935914393
1038.440012247373
1038.4358089298219
1038.4396816403316
1038.4410918239296
1038.458371792335
1038.4617582678586
1038.495426955156
1038.545703582949
1038.5823216034903
1038.634559517512
1038.7185548353837
1038.7852211782726
1038.8582241134209
1038.8921616925445
1038.909005274943
1038.9094915732383
1038.873593907587
1038.851120957901
1038.832568058175
1038.7966704873545
1038.7690692578658
1038.7458745341144
1038.733657918873
1038.7190102677828
1038.7028886130945
1038.6960509940034
1038.6862807508835
1038.6748010957895
1038.663321433343
1038.6413500990777
1038.6420871794542
1038.6586950122596
1038.6843360210048
1038.7341441259657
1038.7666228895782
1038.805453092131
1038.8579586100068
1038.919011248455
1038.989097387229
1039.0498998903702
1039.116081151358
1039.172978775286
1039.2108363921825
1039.2609099597646
1039.3363616172785
1039.4003341946147
1039.4682383209426
1039.5471098655207
1039.608163513929
1039.6833795812902
1039.7656829404648
1039.8550618103202
1039.9302784406345
1039.9966989843813
1040.0631198734748
1040.129789824782
1040.201837010055
1040.2902435954356
1040.3591104750174
1040.444098453598
1040.5180942974243
1040.5996636366149
1040.6805065901233
1040.765247290304
1040.8290108684785
1040.8471431766754
1040.8481409251244
1040.7961384570062
1040.7512139724845
1040.7246061645649
1040.634759013434
1040.546357859037
1040.4648121115406
1040.3688392423956
1040.262858480879
1040.1600483859365
1040.0550420661575
1039.9331911811284
1039.8489354380208
1039.7549100940307
1039.6370702391716
1039.528245685193
1039.4079358629494
1039.2756416243492
1039.1553022871003
1039.0703576712037
1039.0866212124379
1039.0948512862444
1039.068423235206
1039.0256378961378
1038.9738183219615
1038.911755603654
1038.8599618710018
1038.8127797355078
1038.779742132671
1038.7401464522325
1038.6761941771772
1038.5771462367868
1038.5460652740062
1038.450769675692
1038.4367331441779
1038.4078292159677
1038.3762749791622
1038.3735441573572
1038.3380640489763
1038.3521424243022
1038.3528137116207
1038.3632714662963
1038.3930184585122
1038.426452373231
1038.45475839044
1038.4798970229267
1038.503577556297
1038.50773361056
1038.4730594018274
1038.4325197574933
1038.3783049159422
1038.34778709331
1038.351675137934
1038.3563173417738
1038.3631549558486
1038.3751207843432
1038.4051527398055
1038.4376315077157
1038.475238547397
1038.5108850669933
1038.5480061514936
1038.5624186898283
1038.5824455782233
1038.5990536246818
1038.6264043186156
1038.6493638782977
1038.682815205989
1038.7370305728125
1038.8151628186715
1038.8930749307995
1038.9844118950598
1039.0950392205577
1039.1944372786481
1039.3097069356886
1039.4257001538908
1039.5492556915915
1039.6503521480172
1039.7482796907225
1039.8562154810609
1039.9507250432391
1040.0501255591823
1040.147080937184
1040.2330438372007
1040.3041183364383
1040.4059544229285
1040.4640784869034
1040.5529743385482
1040.6445543684015
1040.7305189841184
1040.795762737967
1040.8988219583005
1040.9560244001034
1041.0161684847758
1041.0858153387078
1041.1747358850403
1041.2714598028003
1041.378919583878
1041.4893037699758
1041.5562194282618
1041.669014827536
1041.7627517282858
1041.7473581086908
1041.7039058877976
1041.6802334814308
1041.5908663693656
1041.4509589542495
1041.3427875570678
1041.1926184370202
1041.0380515626769
1040.952057687514
1040.8729118289175
1040.7735063434525
1040.6694584879326
1040.6022889253695
1040.4892129688894
1040.3756491995257
1040.3101388625585
1040.2076426159804
1040.1231173788829
1039.9922088278927
1039.8866579489825
1039.8106733977868
1039.682679569415
1039.556892415576
1039.456982826107
1039.3639229388377
1039.2850246229696
1039.2058893798346
1039.1333414535475
1039.0715505228425
1039.015138349704
1038.9531116110336
1038.936017079598
1038.9267329590714
1038.8962134135857
1038.889626228334
1038.897200895304
1038.9260257296392
1038.956309415047
1038.9895110859663
1039.0293148293053
1039.0984155334174
1039.139082055139
1039.2127958930673
1039.2618558664446
1039.3128758904695
1039.4066331635192
1039.5380002788334
1039.5985560506879
1039.6229756200119
1039.5868266476689
1039.6073406062344
1039.6014883937248
1039.5770688764349
1039.5484941726538
1039.5377506266611
1039.572913663449
1039.6061302256055
1039.6627807178954
1039.7025859092862
1039.7086878100315
1039.7233372535975
1039.7431152594356
1039.7206189384597
1039.7581677246462
1039.8164915936577
1039.7358002799137
1039.793058415479
1039.8554797758877
1039.9091293492527
1039.9554778488587
1039.9830341608563
1040.0281836000622
1040.0721219615903
1040.1038668468057
1040.143413160024
1040.2012881804608
1040.2181347855983
1040.2486577012787
1040.2604366507205
1040.2770245981974
1040.3016733048066
1040.3322160521157
1040.3608102715905
1040.3957834152234
1040.4115098576572
1040.4766616593079
1040.4767512872966
1040.5336397713131
1040.5998193300538
1040.641819512557
1040.6955380479274
1040.741197083973
1040.799070025093
1040.852070019315
1040.936515163051
1040.9697298841409
1041.032987541286
1041.0459357033199
1041.106254552051
1041.11040806954
1041.0445220609918
1041.0025627365103
1040.9073605300691
1040.8546397544872
1040.7906822696434
1040.7791140949312
1040.7183505227601
1040.6943882033422
1040.7382894160544
1040.8051806858168
1040.8173787144553
1040.7892452956269
1040.756972226027
1040.7742903685432
1040.7742738898144
1040.6536068171963
1040.4955760845792
1040.4240046430737
1040.3722215020384
1040.2615779536375
1040.1695007639653
1040.094518922739
1040.0188122495556
1039.990972811373
1039.902801513235
1039.8163395661788
1039.8358686875192
1039.7770083172038
1039.6668742958964
1039.637562786415
1039.4978684247947
1039.4072639814635
1039.3327819291908
1039.2946862763135
1039.2893213611014
1039.2810239360347
1039.2956728916624
1039.2859023567655
1039.2463336951048
1039.1803857736081
1039.124959285231
1039.0819715485243
1039.0573018415218
1039.0406932381575
1039.034341600254
1038.9876989315096
1038.9393468947997
1038.9034626887876
1038.8697593593809
1038.8465636396788
1038.8526645710342
1038.8848939979982
1038.9073679290696
1038.962056559691
1039.0394700880906
1039.1058901480596
1039.1554657640413
1039.1889192274516
1039.220913481276
1039.2155347436058
1039.221399918802
1039.2235958683043
1039.244110019566
1039.263150987886
1039.2814692214124
1039.298314313311
1039.2973413624268
1039.3327548050518
1039.3645126876363
1039.4009124530276
1039.4260686540665
1039.4202564802376
1039.4458858203307
1039.4912931007716
1039.491056288115
1039.4470527463554
1039.4370331588552
1039.4416748298386
1039.458282407314
1039.5046862617942
1039.5591504900333
1039.6268032495595
1039.665395767537
1039.7115499793993
1039.7462250712874
1039.7826096608935
1039.816798130548
1039.8509866403404
1039.8934844989524
1039.9230315793948
1039.957707011443
1040.0155789236287
1040.0589064686262
1040.0929267501965
1040.1386411515925
1040.1921550365084
1040.2636411186425
1040.3507713980491
1040.4269308988673
1040.471348378801
1040.4932600227326
1040.5064033126669
1040.5127176292312
1040.45346458776
1040.4275187803705
1040.41525663299
1040.4115604370718
1040.3580581046124
1040.2962457650608
1040.237126268074
1040.176307182597
1040.141856355044
1040.1682249431233
1040.2981529408903
1040.4576219322257
1040.5814393609387
1040.8486270735848
1041.0117692025392
1041.1158175026624
1041.2039914902819
1041.3405162739912
1041.498780159179
1041.6756105753275
1041.8915181801308
1042.139666037048
1042.3624167261562
1042.5416925620768
1042.6486725895668
1042.6713874342722
1042.7050941006614
1042.7055823200947
1042.6567331015278
1042.6076388319643
1042.525571490186
1042.5385158965307
1042.524838009042
1042.5192206791708
1042.5302125624535
1042.5363180277411
1042.5233710368057
1042.504563915558
1042.46890488844
1042.4417946506321
1042.4068664960655
1042.3968506369054
1042.3587485295702
1042.285476017748
1042.2283251054757
1042.1592066361545
1042.0903305877875
1042.0463662867908
1042.1049840218448
1042.1049840218448
1042.128969077656
1042.154876637337
1042.156087924013
1042.0618172696722
1041.9741231124574
1041.931857299591
1041.944316975349
1041.9548208617243
1041.9714165093471
1042.0156172586314
1042.0634797317045
1042.1064597232391
1042.1665371954302
1042.2417606023432
1042.3123468678014
1042.4300720421193
1042.5289909581434
1042.6010427997917
1042.7014275313384
1042.8176893412847
1042.8973166219255
1042.95911298504
1043.0399597005146
1043.137905676744
1043.2104495786903
1043.2490419213614
1043.3377068541254
1043.439561467286
1043.5145478151453
1043.5255391103535
1043.5204097254295
1043.5550942971597
1043.6061445150342
1043.6415617063642
1043.6244426940316
1043.6750087051812
1043.6706181298948
1043.6874753604243
1043.7333992865042
1043.829395436029
1043.8889977228753
1043.9178214384406
1043.9041428148666
1043.8826493379356
1043.8379503386086
1043.752215370079
1043.5704855103265
1043.3535837905815
1043.1774748018447
1043.0304331608943
1042.845288981171
1042.6892120754671
1042.547302301522
1042.4254190808774
1042.2517588713783
1042.1054515517712
1041.9505955819814
1041.752021138392
1041.5417263490626
1041.300905802751
1041.0876826079927
1040.8874029912354
1040.7044688758042
1040.5389189810596
1040.3513378660919
1040.1683983713194
1040.0492011949743
1039.937578019761
1039.8337785775984
1039.7487850304271
1039.6906585811423
1039.6149496659202
1039.5441460675904
1039.49314808358
1039.4543545528604
1039.2472788824996
1039.0538828508347
1038.717380836271
1038.3642607620686
1038.1478997620484
1037.9132230011696
1037.6990611826207
1037.5422821930215
1037.3641014893954
1037.0496245949166
1036.4538382684398
1035.840003990081
1035.3397289981813
1034.859462114509
1034.5550130104652
1034.2458942425399
1034.002111104758
1033.9222036462438
1033.8186256498368
1033.797342148847
1033.7777675528368
1033.7123046884053
1033.6622236483392
1033.5707732534675
1033.5146316448927
1033.4948878837415
1033.5044905804957
1033.5803014323255
1033.6419903375827
1033.7442511461059
1033.8614126848884
1034.00495614044
1034.1387295417728
1034.2793416885254
1034.4194716474076
1034.5618269716795
1034.689767560952
1034.7995384325886
1034.899616567704
1035.0153362668534
1035.1506003441125
1035.318599064625
1035.5439764653013
1035.8514060087684
1036.1659321165646
1036.3683803534277
1036.5376114890228
1036.6978113815517
1036.8362746445016
1036.9110042963202
1036.7616653119499
1036.8404489558188
1036.895139078718
1036.9462232640544
1037.0090853063011
1037.0512264106683
1037.0963232439492
1037.1397328499854
1037.2063575069938
1037.2810448877865
1037.3725953770872
1037.4670803301433
1037.5532717311598
1037.639716450076
1037.7117475631449
1037.7918408952405
1037.844097040102
1037.91125312522
1037.956671665221
1038.0011187781704
1038.0465375909416
1038.054113501515
1038.012347410722
1037.9718050248403
1037.8577540347667
1037.7439558905492
1037.6220965955574
1037.4743428897611
1037.3158473779624
1037.1510000854485
1036.9981415316342
1036.8508755734674
1036.6475210244323
1036.4713915667678
1036.3506285698998
1036.23184890502
1036.1175286643675
1035.9954763114986
1035.8956723417698
1035.8107435471916
1035.7255607009074
1035.6569606781077
1035.5926515017777
1035.5276042531673
1035.4700561200248
1035.420410015263
1035.3739524115144
1035.3438729184218
1035.301599982303
1035.2446842154
1035.2075383273936
1035.1635552837279
1035.123474718946
1035.0885215031076
1035.0376437394566
1034.992462678081
1034.9516685797068
1034.9409288631095
1034.9398475515036
1034.9279977505066
1034.9485640562548
1034.9518692943382
1034.9492772569613
1034.968875790501
1035.0187279160905
1035.0596643015854
1035.1064132817496
1035.147351276449
1035.1836745341252
1035.2148703186517
1035.2346135746072
1035.2482602117611
1035.298543631016
1035.3600523397558
1035.3978865446122
1035.492614439025
1035.5568301205408
1035.6225265457056
1035.7312129121078
1035.7890763333949
1035.8762549315877
1035.9729502506252
1036.047908656186
1036.1321542639605
1036.2249472638164
1036.3197047099375
1036.403466269425
1036.4691637972176
1036.5219252946479
1036.5910416228417
1036.6442880263558
1036.7304986439804
1036.7947406234625
1036.8601842336197
1036.9187902998356
1036.94642688866
1037.0179019478326
1037.0676631366237
1037.109384811427
1037.1413357494491
1037.1769592681583
1037.247025438718
1037.3068563212425
1037.3566629703841
1037.4216021303034
1037.4994995250515
1037.5732399730955
1037.646009675678
1037.6929042127276
1037.6963427258386
1037.74908436775
1037.7991453826305
1037.8367543263878
1037.8887773591302
1037.9466668536472
1037.9857332313943
1038.029190406017
1038.0482653915103
1038.082689329676
1038.1181031994822
1038.1579078487264
1038.1488744104684
1038.0924605485009
1038.0421469426517
1037.9588669395043
1037.876577441965
1037.7915884639542
1037.714661441411
1037.6118396918907
1037.487553422899
1037.373607404054
1037.2664819568022
1037.1559195784205
1037.058170483909
1037.007629359664
1036.9546403595482
1036.9123926315397
1036.913616683756
1037.0310745796664
1037.1326634794386
1037.243052216018
1037.2994601991065
1037.3160680729095
1037.3160680729095
1037.3001985974995
1037.259407092897
1037.202492963696
1037.1138397953646
1037.0136205560657
1036.8892664195196
1036.767300429832
1036.6868009505808
1036.6768215813636
1036.712141317449
1036.8033825256448
1036.92712447213
1037.0901835360696
1037.3081781743008
1037.5288399418466
1037.672604762075
1037.808583300849
1038.0034243938103
1037.9919071306665
1037.7713654714812
1037.8067597109264
1038.0237900873124
1038.2077370242469
1038.5023542306724
1038.7721147181971
1038.8636280525823
1038.8633315859195
1038.8276364361625
1038.8014762456085
1038.715732809679
1038.6138818673
1038.4983545085818
1038.3904026815546
1038.338127674355
1038.3351945804768
1038.372804253999
1038.4421576391705
1038.4956393948958
1038.5076061877082
1038.541310982384
1038.576725326597
1038.6280117079777
1038.698840492399
1038.7530599654344
1038.7884743896846
1038.8299899225551
1038.89079697208
1038.9447659987936
1038.9918969442856
1039.082504372836
1039.1762808474884
1039.1989918643276
1039.211209326293
1039.2385627021652
1039.2556585751333
1039.2583410353177
1039.2927830764195
1039.3240560467564
1039.371437993824
1039.4078258747352
1039.45349832381
1039.4832845825508
1039.4879268233556
1039.4774192876525
1039.4742366754558
1039.471304014415
1039.4979344944988
1039.4953704134405
1039.576666755669
1039.669207878643
1039.7129083121335
1039.781766455537
1039.8474554391776
1039.9392759289724
1040.028663065767
1040.1439986987345
1040.237280567184
1040.2624900215467
1040.2564697893874
1040.2342561309401
1040.184928575769
1040.0892062694502
1039.9802957779366
1039.8699144971151
1039.7629528170355
1039.6662485895033
1039.479317397633
1039.4020628164449
1039.2236051515501
1039.14386617298
1039.0758748521503
1038.9908132034097
1038.8881820736115
1038.82365430281
1038.7479108844766
1038.6817007386462
1038.636488503651
1038.592263636022
1038.5670928170666
1038.5624347166367
1038.5489944499104
1038.531649197989
1038.498181896194
1038.4372275244596
1038.3891796143953
1038.3537360181751
1038.3587641285771
1038.359652177302
1038.3385680987615
1038.3304383192115
1038.321353259051
1038.2910334186379
1038.277825787436
1038.2809931172135
1038.3298316744745
1038.3764577211425
1038.357887198003
1038.3529929281945
1038.349322208704
1038.3498081761882
1038.358104265971
1038.3935187855343
1038.4174695457782
1038.4201681475283
1038.3789048207584
1038.3346912931497
1038.312467352112
1038.2858349794897
1038.2846113784813
1038.2794652102916
1038.316337520712
1038.3822723155902
1038.4323353684797
1038.4902088693148
1038.561273123522
1038.6465167208664
1038.749091043181
1038.8438549639366
1038.9317806725387
1038.9991914471327
1039.089313226894
1039.143047378826
1039.2124182109228
1039.1471112722602
1039.2969010792963
1039.3876317155896
1039.4632566280263
1039.5034965142681
1039.540331039209
1039.5722872536128
1039.6240352639982
1039.665289482024
1039.7158283740478
1039.7957653006329
1039.869003695261
1039.8965709827655
1039.9449032638577
1039.983227664249
1040.029863009598
1040.0721057747571
1040.1409673841677
1040.270652588927
1040.3910547338364
1040.4719165778824
1040.5210001747184
1040.5732647562497
1040.6780427149356
1040.739600613869
1040.8378311649774
1040.8689606108542
1040.9491410263013
1040.9999912420292
1041.0591309875063
1041.091885048193
1041.132684238817
1041.147841456146
1041.1686076307203
1041.155426269561
1041.129940059071
1041.0471223620275
1040.9623600796313
1040.9069056335707
1040.8013949031206
1040.5940479367134
1040.4294388199519
1040.3063940139343
1040.1684547472428
1040.0046188337901
1039.9481642251628
1039.9071041607222
1039.9036627654125
1039.9336862047742
1039.953452987779
1039.9473396954909
1039.9959302157265
1040.0418159770932
1040.1477422557125
1040.1994630162417
1040.242409407063
1040.2716900820355
1040.256044036466
1040.2233013459038
1040.1663852559977
1040.0332708360545
1039.9372817553808
1039.8652276113557
1039.8122289070361
1039.7773000119914
1039.7438311299024
1039.7597045466991
1039.8031817398019
1039.8285890686398
1039.8405565281892
1039.844462536655
1039.830049245218
1039.8361516201958
1039.8378612616652
1039.8346914355702
1039.8552071082124
1039.8676613354646
1039.8806023310185
1039.9101530600296
1039.9158280552067
1039.9439062867043
1039.9739318861634
1039.9998140257305
1040.026183111816
1040.0222769975098
1040.0593909414267
1040.1053024832952
1040.1377859563163
1040.1973751074804
1040.2452457241386
1040.318025746797
1040.3988674701475
1040.444790325673
1040.4960806853685
1040.5539614741008
1040.6035424134657
1040.6428652874665
1040.651413745362
1040.7056459167832
1040.7437552808308
1040.7684172410225
1040.8346080256797
1040.8499952765412
1040.7901560133034
1040.7371556256853
1040.7461912658237
1040.745455968536
1040.7735463146312
1040.7857621943701
1040.7725718924585
1040.7652459273363
1040.7669556157039
1040.8233753881368
1040.8883437463371
1041.0258547309097
1041.0231309400185
1041.1059095045148
1041.1672064245195
1041.286876096396
1041.3708858132766
1041.47052914818
1041.5821400688951
1041.6832526563387
1041.7585228732917
1041.8408182545777
1041.9109016951643
1041.999795604633
1042.0625548163155
1042.1204354177164
1042.174651398197
1042.2164124568837
1042.255245683258
1042.2860188495947
1042.3153279099076
1042.281135521446
1042.1919898323395
1042.183929732634
1042.11823066757
1041.9836593523971
1041.8642728449354
1041.701166095409
1041.544411833468
1041.3776374011159
1041.26474828844
1041.1399159120524
1041.0138335149213
1040.899485454329
1040.774882516117
1040.6593372208063
1040.5181455643633
1040.3942967100754
1040.2846209312263
1040.168354791173
1040.0628442797015
1039.9827292625323
1039.9099394306666
1039.8212760062877
1039.7299295118569
1039.6407921993423
1039.5916999484048
1039.5286809343647
1039.4529714432335
1039.3872834507893
1039.3066960458016
1039.2370892278805
1039.1640633331563
1039.0951788832554
1039.0265448141508
1038.9499250190065
1038.9013051441696
1038.8275276290783
1038.7571686581587
1038.7168602444137
1038.6731325296942
1038.630393253829
1038.6150071298741
1038.6198845768968
1038.6501707651148
1038.7019602597843
1038.7317602213914
1038.7942772176311
1038.8402005100606
1038.8915032440486
1038.9625683607549
1038.9879613509702
1039.0233762874418
1039.0605008161053
1039.0773461058131
1039.0985833363022
1039.144005557578
1039.2004223539893
1039.2739353133177
1039.3518406381443
1039.449775222727
1039.5528391100024
1039.632455241268
1039.7296548076135
1039.8134273010664
1039.8996458159534
1039.9629028808286
1040.0171249839652
1040.070124324563
1040.0933236015767
1040.091172144037
1040.1461624574167
1040.2248369540002
1040.3342723252672
1040.4168400395097
1040.5365306837555
1040.592275710368
1040.6567953632416
1040.7198421781195
1040.7042423994033
1040.7308342171775
1040.763298279484
1040.778188439364
1040.782334259707
1040.7823832319416
1040.819241124199
1040.8100144823081
1040.824951285144
1040.8078878919391
1040.8181672234987
1040.8413108351663
1040.9022875779733
1040.9532642832096
1041.0252527269872
1041.089932933098
1041.1695220618922
1041.2498552866264
1041.301859823169
1041.3917332394658
1041.4999272210873
1041.5785690822447
1041.6225289029157
1041.6555019222956
1041.645243378664
1041.6589214376424
1041.6242386577537
1041.5621999339774
1041.514086353574
1041.4398328079105
1041.360697294463
1041.2947453086929
1041.1904515753558
1041.1012981366325
1041.0158118827412
1040.9364296124381
1040.8489860610616
1040.7835207153435
1040.7481038444419
1040.7087803788913
1040.640391869621
1040.5676099105972
1040.3893558745
1040.3145537837229
1040.2067989191462
1040.125669033959
1040.0521222852194
1040.0078869221536
1039.979049149491
1039.9299445875506
1039.8696083151847
1039.7736187934079
1039.6734864383952
1039.6051011419684
1039.5372025799063
1039.4793253004543
1039.4744329810505
1039.466607916809
1039.4543904817997
1039.4192248775983
1039.3847822272917
1039.3608474617329
1039.353272289091
1039.3520491382096
1039.3107400524461
1039.317773351239
1039.3091840420577
1039.330157754085
1039.3228051352087
1039.3386641209693
1039.3440707954426
1039.3189411638218
1039.3204282656613
1039.3480315090935
1039.380276891629
1039.464545679189
1039.531955298102
1039.607464363207
1039.7217920350936
1039.7992323157162
1039.8930079182014
1039.9857991342224
1040.0817725579336
1040.1587032343946
1040.2476011580795
1040.3443117112265
1040.4236882311175
1040.501106903677
1040.5853642560949
1040.690128309418
1040.7960901323747
1040.9028314729794
1041.0044432931275
1041.0667855339354
1041.1381509050152
1041.2124233638883
1041.3062199332276
1041.372421956911
1041.5052257817877
1041.612885363358
1041.7044392728685
1041.8089502967275
1041.901993933422
1041.9762322825566
1042.0470569784989
1042.1105556422483
1042.142303181263
1042.182845940804
1042.2067789859425
1042.2370673393534
1042.2707752859717
1042.304971230873
1042.331840008405
1042.3740969849512
1042.4068255924487
1042.4339368676574
1042.4732625257677
1042.5081924138183
1042.5167414787109
1042.5199185030585
1042.5179660876524
1042.5375075442885
1042.4935407149385
1042.4317422045483
1042.4019418508003
1042.0238800342506
1041.9632552195324
1041.8882231241782
1041.7953664073198
1041.6653907010011
1041.5390837212042
1041.3978970553824
1041.2569413414585
1041.1308968821643
1040.9989949370283
1040.8722213199162
1040.7276237423532
1040.613065112146
1040.4877609109542
1040.3500016913758
1040.2315358543442
1040.0908439253633
1039.9444047851848
1039.749039539763
1039.6649276197727
1039.5886465023505
1039.5162930876902
1039.4405446485785
1039.3694370500014
1039.3071405151356
1039.272934131894
1039.23070877993
1039.2170032665103
1039.1827965134278
1039.1203655652669
1039.0805147192
1039.0563000348077
1039.0213559142826
1038.9746949547011
1038.9205199336598
1038.8941389614818
1038.8519322129557
1038.8324365966128
1038.8346479281565
1038.848339818885
1038.8937758459888
1038.9277311885387
1038.9499552457444
1038.973888864781
1038.9883021622993
1039.0068565505946
1039.0066208380686
1038.994698702109
1039.019840496117
1039.058909265213
1039.1414535516117
1039.225221272377
1039.323888731754
1039.435259814238
1039.5441850546472
1039.6632057148465
1039.76706032559
1039.7480358903586
1039.8939727372986
1040.0576528145104
1040.1714372858505
1040.2744795970907
1040.4343285193768
1040.546677840109
1040.7095085578308
1040.848652103744
1040.9729268452456
1041.0923242628264
1041.2000122122788
1041.298913770748
1041.388780962214
1041.4730394604637
1041.5279858528554
1041.5851365169667
1041.6173753659589
1041.6928466142956
1041.773935445975
1041.8484322302131
1041.8960602224986
1041.9400274288137
1041.978372504014
1042.0057295530523
1042.0409015957139
1042.0797396174721
1042.0926841188432
1042.0921962448435
1042.1105164218554
1042.1259048362429
1042.1332320291908
1042.1503302897327
1042.1989394434731
1042.2350918317131
1042.2714861937839
1042.3327943080183
1042.3760282696117
1042.4119349276646
1042.454926668247
1042.4693391115525
1042.4615203853675
1042.4676292705676
1042.359909490873
1042.2028511588348
1042.070707232565
1041.9094973555373
1041.766843952307
1041.6080733938807
1041.4703081184302
1041.3459809539872
1041.2028466164575
1041.0797427577359
1040.951022839123
1040.8330493761819
1040.709211714317
1040.5788423485878
1040.4987147794036
1040.4112606202143
1040.3360226401678
1040.2478533658518
1040.1545554236325
1040.0671115291284
1039.9935826986882
1039.9603622420284
1039.961098385687
1039.9317840960769
1039.9181064948211
1039.8738915677777
1039.8165229845179
1039.7872587146696
1039.781418349332
1039.7824165465079
1039.7690013911422
1039.7207075996482
1039.670930002581
1039.640145051108
1039.5937367788626
1039.5458556477379
1039.5028663007688
1039.4603634302425
1039.4168874000477
1039.392939688964
1039.3694920078435
1039.3560517076958
1039.349408239936
1039.3301300016353
Keyboard Interrupt
