CHIP_ID(id=88)
1035.016623044947
1034.8346015327934
1034.7468015676186
1034.608130254198
1034.4979582217372
1034.4129264428088
1034.3508749216892
1034.344022976082
1034.350388739555
1034.3565576512965
1034.3542108009358
1034.3391882977903
1034.3131991735
1034.2928521328931
1034.258830403146
1034.2087144360335
1034.1678859224126
1034.1390220320727
1034.1245739430303
1034.121607070685
1034.1259612022377
1034.1413130161595
1034.1588580591501
1034.191303462615
1034.2154602177302
1034.2291349772104
1034.2315541757466
1034.2259104410673
1034.2341993770372
1034.2644522296248
1034.3025421433128
1034.3402111978533
1034.3574614449672
1034.3714871992213
1034.377192347038
1034.3814143945763
1034.3926998397815
1034.409596826883
1034.426462843569
1034.4267509283536
1034.4465819141403
1034.4281162850377
1034.4178470158888
1034.4114490109387
1034.4113424860873
1034.4092394849074
1034.4103273006374
1034.4184778965737
1034.4714465467653
1034.516444731389
1034.545607583181
1034.5672231029387
1034.54517143443
1034.4794218186978
1034.3899999216455
1034.262193154621
1034.137488545393
1034.0577431209867
1034.0000858597803
1033.9512602388813
1033.888822371564
1033.8215453022824
1033.7547832427451
1033.685118365091
1033.6179040923953
1033.545336445005
1033.4273244681133
1033.3622349343407
1033.3030487134986
1033.2431187122818
1033.1898361263898
1033.1260378010422
1033.0756894970382
1033.0329208934593
1032.9884427233656
1032.9510613336276
1032.918064767756
1032.8904558737693
1032.867008610844
1032.8345316674263
1032.806439571888
1032.7715101987455
1032.739516358072
1032.710941139496
1032.6782040506564
1032.6445008751227
1032.6110203665594
1032.575868207282
1032.5436518075012
1032.5141107223021
1032.4957913553005
1032.4718611587125
1032.447708636577
1032.4250049207096
1032.4115911995789
1032.390596859689
1032.3708289671627
1032.3566718344177
1032.352509714817
1032.3437025890528
1032.3431811556645
1032.3455954376293
1032.3397239642184
1032.345073976366
1032.3555519152305
1032.3638377211
1032.360901968163
1032.365807741725
1032.3729056597372
1032.3795206809275
1032.3939386190286
1032.4054208253742
1032.4173859176792
1032.4339960131358
1032.4498626215866
1032.464280500345
1032.483305215123
1032.5069750007883
1032.5377425747342
1032.5641256206152
1032.5915123384004
1032.6303809779408
1032.6651249026252
1032.7116103976527
1032.75341332059
1032.789604982903
1032.821411524047
1032.8522148211182
1032.8791162583557
1032.9060174768401
1032.9323990725843
1032.961715934844
1032.9961604692978
1033.0408604057045
1033.0477592599805
1033.0181035132446
1033.0352148874092
1033.0614028779594
1033.1277070325484
1033.1914421039544
1033.2510878733954
1033.290259858725
1033.3355959895753
1033.3760641195302
1033.4214357614173
1033.4624565957197
1033.4914790413777
1033.5105051247913
1033.5273385676635
1033.5698998962728
1033.6034999827891
1033.6453207980765
1033.6774377102586
1033.6704988914098
1033.6479507259762
1033.4950453404763
1032.9221116195486
1033.0439670369833
1033.110822881368
1033.1406682776976
1033.1445913118182
1033.1237856465236
1033.090406841765
1033.048099894476
1032.992929551662
1032.9500170011122
1032.8822425038154
1032.8166954451362
1032.7606969824246
1032.707893525237
1032.6638964938693
1032.6204198693422
1032.5803618830969
1032.5473636730678
1032.5114676798244
1032.484823649004
1032.4525685848546
1032.4188647667172
1032.3893232162754
1032.3649097146974
1032.3482992668955
1032.3287529901652
1032.319945507342
1032.3162660010964
1032.3047834832942
1032.2933009581468
1032.2810747126225
1032.2732717496156
1032.2718233267597
1032.2691483811232
1032.2618282569208
1032.258670521153
1032.2572221147357
1032.248192699181
1032.219395202127
1032.1949819858557
1032.183760560199
1032.173504680637
1032.1825340117723
1032.1825340117723
1032.1881447229819
1032.1846868119915
1032.174430886237
1032.1583031854532
1032.1531752216763
1032.1480472588028
1032.1563327889112
1032.1561111145713
1032.160012506913
1032.1629483971003
1032.1771057270319
1032.1951644949252
1032.2066469992728
1032.207403797373
1032.2156233830638
1032.2218722895896
1032.24591779202
1032.2748973713217
1032.2970788810271
1032.3292553676874
1032.3592400274404
1032.3919383247082
1032.4253802449778
1032.4549207979996
1032.482529671235
1032.5108818559904
1032.5350720385031
1032.5575528963554
1032.5775087646325
1032.5869480004947
1032.619757791577
1032.6527899208636
1032.676755638549
1032.698008981901
1032.7290343486702
1032.765187217982
1032.8018231459316
1032.8480855418595
1032.8934188721878
1032.9481930701802
1032.9882489261488
1033.0226577842802
1033.0581851552324
1033.1066089780904
1033.1489751916752
1033.1867331383044
1033.2203657878497
1033.2642551486144
1033.3018262476141
1033.3457518879054
1033.3816493559768
1033.4133854325871
1033.424384494737
1033.3933559265326
1033.3383955889476
1033.2819852174953
1033.2380240597622
1033.1918702475687
1033.1547467491073
1033.1076265787206
1033.0553784103627
1033.004096799565
1032.9557508880098
1032.9088544995798
1032.8597656056031
1032.8140954987857
1032.7659727823548
1032.7195593742372
1032.6734062465387
1032.632864293608
1032.5923223563927
1032.5534898040928
1032.516366632415
1032.4848544818526
1032.4399280657374
1032.409159524963
1032.3844848174274
1032.36055374915
1032.3424944648668
1032.3193071588837
1032.2963418204004
1032.2780607836057
1032.2585533045278
1032.238041180339
1032.2260757812378
1032.2187556353256
1032.2011794609593
1032.1797018819163
1032.1630912734195
1032.1481899934852
1032.1391605774347
1032.129648440348
1032.1118112346876
1032.1073874993951
1032.09857962088
1032.0944170269825
1032.083899761642
1032.0865745169779
1032.0728997651734
1032.0609343626147
1032.0426142807007
1032.0311315621236
1032.0238115176821
1032.019166164845
1032.0231074854116
1032.0163500417498
1032.0064751673644
1032.0065150410214
1032.0109388353887
1032.0047435751553
1031.9989911195069
1032.0002970713642
1032.001341743709
1031.8909237849186
1031.925756124467
1031.9597021586667
1031.9899302067151
1032.023655730397
1032.0433042164027
1032.058125661728
1032.077853198714
1032.092231463758
1032.1063487986949
1032.1192789562278
1032.1339183842854
1032.1529809756314
1032.1719654351743
1032.1965996336135
1032.2295583148918
1032.2630386499545
1032.3009030398568
1032.3282896500878
1032.3639616963376
1032.4052060714978
1032.4456309832005
1032.479403680728
1032.510578004071
1032.5400433882457
1032.5763465268778
1032.6161067151052
1032.6449054285763
1032.6827340957025
1032.7137254666775
1032.7479129240671
1032.7767494131765
1032.8175142528078
1032.84876615732
1032.885109327783
1032.91952026708
1032.9422255447555
1032.969575898839
1032.996926278622
1033.0101182977223
1032.998152503928
1032.9669001840118
1032.925391569697
1032.8814305056292
1032.830631907304
1032.7768976335042
1032.7278084739366
1032.6753005813102
1032.6335320040398
1032.592989818909
1032.5505158752487
1032.5077815098482
1032.4718846914
1032.4376972864186
1032.3925487687625
1032.357395850022
1032.317597803437
1032.2890215869943
1032.2548345157134
1032.2267410934094
1032.204519517975
1032.1818152039593
1032.1598547868334
1032.1400865242858
1032.1361851061777
1032.1310570825942
1032.1215449258216
1032.1066832357835
1032.114224848621
1032.111027717591
1032.11418522202
1032.1087960023633
1032.0951212401183
1032.0795156693969
1032.0570728174528
1032.0299847514568
1032.004344787093
1031.983088813437
1031.970640852182
1031.9518382384342
1031.9335182666523
1031.9305822394529
1031.9276462091675
1031.9283902838727
1031.9352678236673
1031.9343829421584
1031.930562003757
1031.917872290798
1031.8948869468898
1031.8757229218227
1031.868483448195
1031.861726610967
1031.8757628972212
1031.8978627246508
1031.9065902209957
1031.920968057929
1031.9404736757192
1031.9624325435598
1031.991228473244
1032.0160836674863
1032.0387471008569
1032.0587360080433
1032.0770157555326
1032.082744700518
1032.0930790011405
1032.1041175487342
1032.1332138275366
1032.160600677854
1032.1855733871519
1032.2141861965065
1032.237449062921
1032.2572932021217
1032.2913232917065
1032.3292553676874
1032.3686368115518
1032.4029295859007
1032.4450644347262
1032.4870159042332
1032.5316429995653
1032.5753046721609
1032.6158084525516
1032.664376374385
1032.703914686833
1032.7439362462296
1032.784701311663
1032.8259868266123
1032.8687215955
1032.9187771390662
1032.9717684570853
1033.0132772412267
1033.0499177125848
1033.0765251912917
1033.0997139272001
1033.1224194890656
1033.139030360147
1033.1470941679465
1033.1590600467534
1033.1624788701731
1033.1800562598414
1033.1942148461817
1033.1751516582533
1033.1368015843234
1033.0938064564418
1033.043750232005
1032.989792158224
1032.9333817616039
1032.8757451820811
1032.8198180582256
1032.7551212098879
1032.7023904029704
1032.6486560450667
1032.5973745137976
1032.5538964804277
1032.5150636441354
1032.4691710809102
1032.4303383550773
1032.3856726048475
1032.3378103433192
1032.3004652526988
1032.2684702231033
1032.2445392026486
1032.222317558416
1032.2042584651022
1032.1788792597094
1032.1605591621637
1032.1451750200852
1032.1258894642044
1032.1024413347548
1032.084865172651
1032.0636489126105
1032.0546195285924
1032.045368740917
1032.0397580584586
1032.0321767639207
1032.0305073260904
1032.0300246446752
1032.0249365558595
1032.0232671073506
1032.0152829534024
1032.0131308100702
1032.0112000879637
1032.0092693662364
1032.0053681117697
1031.9936643719861
1031.978542106877
1031.9682864270337
1031.961931966555
1031.9546121928638
1031.9482577285758
1031.947996397953
1031.9526415918263
1031.9463271271668
1031.9463271271668
1031.9507509625278
1031.952238884804
1031.9529828409684
1031.956662665712
1031.9605638555313
1031.9519556817188
1031.9459820862642
1031.947288134135
1031.9657091132133
1031.9921541031256
1032.0070150021602
1032.0237670533654
1032.0456471357281
1032.0707245553626
1032.0923836102986
1032.1167572287075
1032.1367468938754
1032.1718990291376
1032.2102089310902
1032.255617411821
1032.3071197426257
1032.3544987749387
1032.4038479313797
1032.4473253489477
1032.4856746800576
1032.5113150047362
1032.544275726538
1032.582142104127
1032.6273288347306
1032.6695798342837
1032.7047331260712
1032.7328262518245
1032.7631117702178
1032.7992685997672
1032.835648383279
1032.8681263930887
1032.904989446074
1032.9469807504652
1032.9799421184528
1033.0192579012116
1033.0556381746742
1033.0846977511706
1033.11130505039
1033.1423337383892
1033.1816497404939
1033.212902111461
1033.2387668591814
1033.2162851337216
1033.1799044563534
1033.1342339831476
1033.0829521314924
1033.0311871760216
1032.9955133273525
1032.9520355005338
1032.894659435289
1032.8475398769622
1032.7969644886598
1032.7461661243087
1032.6669446783412
1032.6280005352817
1032.587161356215
1032.5492954848005
1032.51287834427
1032.4857512419335
1032.4649785202103
1032.4371461416763
1032.403925088431
1032.3707040052157
1032.336034371603
1032.3028132809702
1032.2759076766572
1032.251233134309
1032.233395935802
1032.2209477545578
1032.1994701217932
1032.1753570625597
1032.1415892818102
1032.119003886259
1032.1170335428717
1032.1033592863826
1032.088236861976
1032.082365192401
1032.0728533620309
1032.065311959757
1032.0536081994073
1032.0472538278887
1032.0477365331694
1032.0508939225867
1032.0547951777612
1032.0491846491545
1032.0569871612822
1032.0604057125606
1032.0566231099128
1032.0535841688336
1032.05927341999
1032.054707233027
1032.0564557911516
1032.0729472276826
1032.0853159045314
1032.0896605054809
1032.0935223746062
1032.0944878421249
1032.0912909978458
1032.094891773654
1032.1116446199774
1032.1240135479793
1032.1373874692024
1032.1590863736865
1032.1739481271068
1032.1951644949252
1032.2154154147504
1032.232025922492
1032.2571830703102
1032.2764685139769
1032.297463322903
1032.3211331677498
1032.345025128113
1032.3652764883257
1032.3864936436407
1032.4050358058541
1032.4209029109632
1032.437735814324
1032.4582481811726
1032.4884954970464
1032.5180377518222
1032.5468365708368
1032.5763789706791
1032.6010537557033
1032.6262114928913
1032.6430448977321
1032.6525578115848
1032.6691686828724
1032.6806513854826
1032.6703984044852
1032.692061826814
1032.7059219252662
1032.7142084976
1032.7144312453233
1032.7051410400234
1032.721231221762
1032.7344232458847
1032.7505509794983
1032.7749653928583
1032.7964441489012
1032.8245375697975
1032.8577591210203
1032.8843661716426
1032.8819136202003
1032.8579821429385
1032.8240544842404
1032.7805766079377
1032.7376192269808
1032.6907226824367
1032.639441382834
1032.5893865804871
1032.5454259015542
1032.506853947799
1032.4655685412292
1032.4228344279584
1032.3886471825165
1032.3461740190717
1032.3102775604686
1032.2687702894664
1032.2406769122247
1032.2179725844906
1032.2047805658951
1032.1894357961144
1032.1678153034043
1032.152249119245
1032.13790961597
1032.1345304040158
1032.1206343796973
1032.1049650787902
1032.0838677046422
1032.0717600672015
1032.0613223926093
1032.045496140828
1032.0451563247611
1032.0472694025457
1032.043811465265
1032.0276845118299
1032.020325279776
1032.0171283375657
1032.007355558957
1032.0002573917573
1031.990967270209
1031.9804505564598
1031.9716828688615
1031.9508087411284
1031.9394462245446
1031.9194980123243
1031.910730611806
1031.917084728012
1031.9185326985282
1031.9235408576494
1031.931183552648
1031.9422845535823
1031.9514549551234
1031.9623346580881
1031.976673029472
1031.992499480989
1032.0029767194394
1032.0154246076056
1032.0215179170148
1032.043960512844
1032.0634672485796
1032.0790727080184
1032.0822698783832
1032.0912992444923
1032.1030033902728
1032.1125551206935
1032.1277175111973
1032.1392000779795
1032.1487122086878
1032.156997772676
1032.1633523598957
1032.172864537694
1032.1904406643525
1032.2045981395931
1032.2265585619787
1032.2458441342774
1032.2724499313692
1032.285902825933
1032.3061930397469
1032.321837987095
1032.3398970932162
1032.3469952845974
1032.356768492638
1032.367246623106
1032.3760154411889
1032.3953011685462
1032.4155526820398
1032.4400050437966
1032.4637137234977
1032.4954478870357
1032.5242463658415
1032.5511131614073
1032.5892020495296
1032.626064645953
1032.6675724628976
1032.6973750779784
1032.7371736394462
1032.7679796828527
1032.8016839899544
1032.8324526551762
1032.863704462632
1032.8834738201656
1032.8715081854582
1032.833418843017
1032.7982280358915
1032.752297772505
1032.6996050328958
1032.6549389443846
1032.6031752658737
1032.5557963364477
1032.508900364559
1032.4576582431005
1032.4074592978056
1032.3562954990418
1032.316315360458
1032.2899711615999
1032.2452800580477
1032.207310500832
1032.182493576225
1032.1586425160929
1032.1327827001148
1032.12969092255
1032.1268988083186
1032.1231409703412
1032.105265452989
1032.0781390859097
1032.043692899556
1032.023181854306
1032.0018872230214
1031.9818189733628
1031.9693315752017
1031.9676223057102
1031.9552944697116
1031.952478168018
1031.9366920999755
1031.9159999578364
1031.8974998433512
1031.8816743443836
1031.8812131549016
1031.8688060368977
1031.8624918655264
1031.8686456260193
1031.8787404304783
1031.8881715936843
1031.8949282602307
1031.904138294968
1031.9160631831692
1031.9406973824175
1031.951918551817
1031.9565638552576
1031.9614304275988
1031.9602037555192
1031.9699369316286
1031.978704845316
1031.9867688322065
1031.9965421408508
1032.0011874597346
1032.0160887374539
1032.0312512882235
1032.037123217497
1032.0410245524579
1032.0549206026844
1032.0698218654763
1032.0847231206244
1032.107909847691
1032.1218060829901
1032.1361851061777
1032.1469238947832
1032.1606380960152
1032.1669926967077
1032.1689237002508
1032.1759827373164
1032.1828201162466
1032.1877264542404
1032.1896968511644
1032.196051443762
1032.2104699507936
1032.2212087598707
1032.2361100330368
1032.2583314559183
1032.2764295103248
1032.2952322309895
1032.3196458145073
1032.3398970932162
1032.3618577908192
1032.381404259062
1032.3972712653438
1032.4197535288613
1032.4368470204352
1032.459068574489
1032.4837430205332
1032.5103491485943
1032.5355065283259
1032.5726293934194
1032.6029148402438
1032.6392943512205
1032.6771606097334
1032.7164759053721
1032.74772748548
1032.7697263462662
1032.8065891420626
1032.8268414507957
1032.8102308381422
1032.7588760550818
1032.7013911729382
1032.651710797236
1032.6136985481266
1032.5888403260963
1032.5488216487602
1032.504901757591
1032.45997833908
1032.4289513954332
1032.389530973542
1032.3564270095487
1032.3186788462042
1032.2857598065043
1032.251131864602
1032.2206274924374
1032.1898238172857
1032.168309402487
1032.1574161033186
1032.1453347640274
1032.127903474502
1032.1190179703324
1032.1079794933896
1032.0962364577647
1032.0827841194478
1032.0666570311375
1032.0391664657084
1032.0329150709306
1032.0175317454682
1032.0191219167511
1032.0078611222748
1031.9999789901756
1031.994067286965
1031.9784223113415
1031.9627772933065
1031.9439750023043
1031.9327539368207
1031.9181143084832
1031.9095678411695
1031.9097890497828
1031.910533093765
1031.904178537522
1031.9043997301444
1031.905103537505
1031.911417882701
1031.9133886253917
1031.909708574142
1031.9016446507887
1031.905545888473
1031.9087030604042
1031.9177322502167
1031.923342820629
1031.929255017833
1031.9382841960746
1031.9590171925076
1031.9744010221473
1031.9868488896138
1032.0112620028897
1032.0327392025422
1032.0661817338143
1032.0852455117354
1032.1084717606868
1032.12998858306
1032.1577810352005
1032.1787757194738
1032.2048984316637
1032.2229573087852
1032.2473707840984
1032.2596751549088
1032.27869963314
1032.3028521863482
1032.3233641727454
1032.3392310146635
1032.364871044706
1032.3883188917027
1032.4251807558546
1032.4625639866667
1032.4945585277574
1032.5355827240555
1032.57296577506
1032.6103487180408
1032.646505217721
1032.6838879659488
1032.7251723270697
1032.75423109713
1032.6990117714874
1032.675564010321
1032.6618892807776
1032.664564646813
1032.6794657141957
1032.6782393912038
1032.6857825336824
1032.6771256338275
1032.6627827747889
1032.6424210930295
1032.6252179279045
1032.626296224648
1032.628080198979
1032.6325393367529
1032.6411599510222
1032.628489501204
1032.586985388405
1032.5140499535394
1032.3954966122494
1032.366628642746
1032.3357910283398
1032.3127549120295
1032.311486326593
1032.293201262127
1032.2778885003647
1032.2479741786533
1032.2241907821071
1032.1945744171699
1032.169863270337
1032.1419943612623
1032.116539085094
1032.0714344450978
1032.0602782462267
1032.043146598543
1032.0240840023114
1032.0207683698898
1032.0123642757937
1032.0035169861114
1032.0002800813618
1031.989501862621
1031.9840728087772
1031.976974327229
1031.971806450333
1031.9610679936227
1031.9491028986456
1031.9363937877706
1031.9271032572003
1031.9180741241873
1031.9071145040314
1031.9061492549467
1031.8961549308633
1031.8919922965863
1031.8856377460427
1031.8729286287798
1031.868544832998
1031.8707367299494
1031.859515779432
1031.8539053134632
1031.8497426402434
1031.8470277365013
1031.8479929226276
1031.8416383308538
1031.8426035101004
1031.84479539846
1031.8430860997596
1031.8311210116658
1031.8245453757
1031.819679048779
1031.8213883410087
1031.8187138908347
1031.8316440964954
1031.8526382139946
1031.875824271277
1031.897301090225
1031.9200046406693
1031.9380629533034
1031.957086604861
1031.9775983373902
1031.9946914588736
1032.0171339249212
1032.038872370959
1032.0528081470056
1032.0764773867004
1032.0986985552036
1032.1157917732887
1032.134111587448
1032.1572982864138
1032.1785540073397
1032.2049376742248
1032.237414867301
1032.2681827678543
1032.3040786929412
1032.3407183066174
1032.3651318108846
1032.3878360236386
1032.4129931898103
1032.4345094416667
1032.4635681236953
1032.4904345756697
1032.5088686858062
1032.5026717043431
1032.494280544363
1032.523336831338
1032.5562945331312
1032.5943799043096
1032.6293070649315
1032.6640111940667
1032.706778039485
1032.7475755347477
1032.790565228358
1032.8028209447468
1032.8399028178715
1032.8855307469692
1032.930675803448
1032.9499598668197
1032.9377361167403
1032.8918120559415
1032.8397940571106
1032.7745858071316
1032.7193726090313
1032.6624499961413
1032.591370721073
1032.5354136110043
1032.481425617645
1032.4284411431172
1032.3737475931612
1032.3171989978966
1032.0554406448468
1031.8328536260715
1031.9168948600209
1031.987638045983
1032.044454191214
1032.0844099767783
1032.105980483893
1032.1164074033793
1032.1234930893615
1032.120662088633
1032.1137077122792
1032.1201659768951
1032.1269244587565
1032.1246538184953
1032.1116840299192
1032.1018716437839
1032.088197367238
1032.07058224063
1032.042228553907
1032.014879913793
1031.9904672040325
1031.9806941497884
1031.9675025139063
1031.957990770653
1031.9597000557167
1031.9628573084126
1031.9643052761573
1031.9682065150373
1031.969171830544
1031.9682065150373
1031.9643052761573
1031.969393165066
1031.963521285982
1031.9605853418122
1031.9574280904492
1031.9559400951732
1031.9561613893272
1031.9524814189765
1031.9514760297682
1031.9531853390813
1031.9568653245744
1031.9647079042975
1031.971806450333
1031.969393165066
1031.9725504355638
1031.9764516943922
1031.9830275836277
1031.990347464266
1031.998150023063
1032.0049872514974
1032.0135337892987
1032.019144393248
1032.0269469972313
1032.0437788763275
1032.0586800130548
1032.076778247028
1032.096585699114
1032.115427589744
1032.1386140327925
1032.1549633004508
1032.1847260921472
1032.2010754819075
1032.2198779857154
1032.2392414272558
1032.2545201317848
1032.2651531903393
1032.2754862750842
1032.2892376219736
1032.303210852538
1032.316701046305
1032.3426001302712
1032.376562408764
1032.4166561530424
1032.4547799235984
1032.4970274966659
1032.5463722589923
1032.5949736960577
1032.6384474462145
1032.682887279395
1032.7241687268668
1032.7252798141571
1032.7357907935534
1032.7426585730748
1032.7370060014537
1032.7804818188424
1032.8247376632125
1032.8641628280086
1032.8879827110147
1032.8822998478686
1032.8561066694547
1032.8395759143896
1032.8178431548888
1032.793246648514
1032.755754625232
1032.7231664617505
1032.690131833431
1032.651485749164
1032.6148088855618
1032.580584433623
1032.5392999525034
1032.5055962147287
1032.4728583089852
1032.4345094416667
1032.4020321254957
1032.3768750281765
1032.349786525714
1032.3275652869752
1032.315378002022
1032.2951270023573
1032.2215446354726
1032.2191585912637
1032.2155844293034
1032.1961825312017
1032.1824299409982
1032.1647757081387
1032.1383529553193
1032.129766952553
1032.1224469612253
1032.1117083545923
1032.08830031323
1032.0697591378034
1032.050735325396
1032.0300023009338
1032.0290369207128
1032.036839472298
1032.0590206255117
1032.090975055699
1032.1029402089991
1032.095881397582
1032.0834335551767
1032.086852160524
1032.0788279636802
1032.0825077036852
1032.0827688441238
1032.0818034079184
1032.088157849488
1032.0944727702656
1032.0925023445443
1032.097851835094
1032.0966252561868
1032.1000438613846
1032.0983345587356
1032.0971079789747
1032.088822608513
1032.0815026922553
1032.068833347902
1032.0659370865403
1032.069355664351
1032.0835126985548
1032.095216617257
1032.1042458168167
1032.1154670584272
1032.1221220041286
1032.1039743057472
1032.1276033610445
1032.14930155722
1032.1636801171087
1032.1809944673869
1032.190284405284
1032.197865076787
1032.2083814324678
1032.2227990512392
1032.2404131238757
1032.256800671692
1032.24904647326
1032.2483117035526
1032.247798353898
1032.236692790857
1032.2453528441574
1032.2512996489356
1032.265791524152
1032.2714774436615
1032.2830335700662
1032.3345234712135
1032.366807243724
1032.3993897605735
1032.4322331729295
1032.457089588009
1032.4882999379413
1032.51954804128
1032.535488441148
1032.5659559750184
1032.6259998631078
1032.673895187033
1032.714991775019
1032.7529678824346
1032.7900155398847
1032.8107134538486
1032.7886780276604
1032.755680279288
1032.715622157979
1032.6706962765543
1032.6298948188908
1032.5893536675048
1032.5478466259656
1032.5060791457297
1032.4562862022267
1032.4174545739904
1032.38181945958
1032.3449966976818
1032.3059433612834
1032.2734665436117
1032.2466004741973
1032.2248623142168
1032.198961790283
1032.1747705141868
1032.1532539911789
1032.134934337128
1032.113457174872
1032.104871107883
1032.0955806798816
1032.0872952821571
1032.074586226548
1032.0655172726956
1032.0608720281843
1032.0481628926623
1032.0418481100996
1032.0352721105105
1032.0282134417473
1032.023346780236
1032.016992255421
1032.012125614566
1032.0057710938681
1032.0040617942075
1032.017474936196
1032.0277307556817
1032.0282134417473
1032.0301441862464
1032.0298829343492
1032.0367201770327
1032.0386509327282
1032.04106437788
1032.0354537355736
1032.0379069946296
1032.0354537355736
1032.0378671680335
1032.0444432020877
1032.0225404686785
1032.0305247355045
1032.042188840374
1032.0455677094214
1032.0453064910314
1032.0445625736522
1032.051882500344
1032.0416664099332
1032.0304849910797
1032.0166289827168
1032.00934894693
1032.0057089402892
1032.005748695703
1032.0008821155682
1031.9986901704046
1032.0011035779614
1032.0074579623374
1032.02247761872
1032.0255321148072
1032.0375362081134
1032.049801258535
1032.0764442914715
1032.1035699548877
1032.1363059295518
1032.1556290236952
1032.1880262498687
1032.2219111136428
1032.2440923986524
1032.2543478393259
1032.2624112156718
1032.2731881356974
1032.2900583592825
1032.2827474768878
1032.29486521594
1032.306905878801
1032.357170443266
1032.4123799786466
1032.4671462151575
1032.5197595364307
1032.569476120852
1032.6194915880726
1032.6592515094228
1032.7109771688015
1032.7502547797549
1032.7868571880774
1032.8273616334825
1032.8554176494013
1032.886409452676
1032.9117901278073
1032.9435252845449
1032.9654873755148
1032.9501028920772
1032.9300734016879
1032.8941763121531
1032.8553806391726
1032.8200039715402
1032.7724018365977
1032.7291847192325
1032.6891261288713
1032.642973439301
1032.60120548343
1032.5546079690212
1032.5099425945932
1032.4762387041046
1032.4464363946947
1032.416151172552
1032.3912546953175
1032.3663582870072
1032.3322104221213
1032.306309720222
1032.2801870293367
1032.255995592202
1032.2347399606265
1032.2161591848674
1032.2020017968207
1032.1907410218362
1032.177810200811
1032.1726822208566
1032.1668104220305
1032.164840020995
1032.151648126426
1032.1453330096913
1032.1363431162347
1032.1295058467508
1032.1307324268082
1032.1368258560549
1032.142436554332
1032.1492738336485
1032.150722071754
1032.150722071754
1032.1412099763768
1032.143402039357
1032.1370474936616
1032.1290231104656
1032.1152059603523
1032.1124917134266
1032.1075854060532
1032.1010093104946
1032.0944332318522
1032.0786459658852
1032.068208244747
1032.043550362974
1032.024463559225
1032.0094601607607
1032.0210845918823
1032.0273598178737
1032.0360880724177
1032.0511705817028
1032.052840365879
1032.0501262229695
1032.0506089371222
1032.0545101390312
1032.0586329674522
1032.0642434328554
1032.065208872097
1032.0762081827554
1032.088394610804
1032.0868034442324
1032.0961719171753
1032.1079538845972
1032.1250851332857
1032.136605865745
1032.1607955842653
1032.1725769067734
1032.1944580417799
1032.226333989884
1032.2608465716553
1032.297146483514
1032.3256054066658
1032.3562954990418
1032.3735721494224
1032.4006220054036
1032.4203518914783
1032.4491499127691
1032.4782086382936
1032.5045921947722
1032.5355827240555
1032.568060253799
1032.6010207975173
1032.6310457033694
1032.6664590826688
1032.6938087291483
1032.7255431941426
1032.7507005103214
1032.7658618427658
1032.7741484643022
1032.782695257688
1032.7909819172849
1032.7992685997672
1032.8041365692713
1032.793620217996
1032.7557539007473
1032.7071482668066
1032.6519655123018
1032.6031373851192
1032.5582110992734
1032.509866220559
1032.458585672786
1032.4222064598557
1032.4021771745886
1032.3860494398127
1032.3821478827347
1032.3645715698574
1032.349448277474
1032.3313891961611
1032.30526630759
1032.2862027244148
1032.2644641489533
1032.2454004882172
1032.2165635179733
1032.1996918494672
1032.178214234024
1032.1535791047295
1032.1323232393383
1032.106944405842
1032.0884029717504
1032.0732802467965
1032.0534725215748
1032.0331820174422
1032.0197287630008
1031.9982514689486
1031.9713848813644
1031.9530649261267
1031.9428089647754
1031.9272038433385
1031.9155000435903
1031.89585323713
1031.8885334303857
1031.8838881511263
1031.8742359254902
1031.8638396662784
1031.858269531991
1031.8675598484087
1031.8692691043796
1031.8695305136162
1031.868082666995
1031.8649255724156
1031.8595364139742
1031.8379597904639
1031.8239240488092
1031.8073950317078
1031.798889279643
1031.7942845245932
1031.8005180170899
1031.8033733068778
1031.8096470008225
1031.8174087913324
1031.8224961867563
1031.822234732171
1031.8236825148858
1031.8246477034807
1031.825210910702
1031.8255126099202
1031.8354663108012
1031.8619896891855
1031.8864018073257
1031.90200634801
1031.925111896101
1031.9506709808709
1031.979427592239
1031.9979286486234
1032.0213363832531
1032.0440401137216
1032.0608720281843
1032.0772212900474
1032.1011121500421
1032.1303923064877
1032.158224359555
1032.1848298911373
1032.2067902500987
1032.2312038088219
1032.2544299779495
1032.278138848065
1032.2976852687993
1032.318680153414
1032.3460295954167
1032.3677681800011
1032.3985363406632
1032.428560962328
1032.4612608281082
1032.4951872911226
1032.5205670867902
1032.5410794202796
1032.5581730425633
1032.5769760386702
1032.5906509525594
1032.6114237640697
1032.6370642250051
1032.660995342257
1032.6797983767578
1032.6866358468608
1032.672217560982
1032.646094046955
1032.6150650473373
1032.5821041306256
1032.5498486512506
1032.5119820452373
1032.4787605624776
1032.4445732683341
1032.4194157016072
1032.3913609451965
1032.3652377477022
1032.3420504645592
1032.319346072281
1032.2924793064121
1032.2656125381789
1032.2458049653144
1032.2250317408505
1032.1986476405261
1032.1673965612529
1032.1485937176221
1032.1195348013578
1032.0985399300773
1032.073382464569
1032.050678307194
1032.0340675687319
1032.0311315621236
1032.0355156064986
1032.0403823394972
1032.0402008629535
1032.045368740917
1032.0518029866817
1032.0601678379217
1032.0694979598245
1032.0739612305679
1032.0650903727415
1032.0442151535465
1032.0284283404408
1032.021892071381
1032.0138681884027
1032.012420087152
1032.0165823373072
1032.0270987322922
1032.0445552756644
1032.0496040138894
1032.0466286992844
1032.0380428478916
1032.029456916564
1032.0184574492318
1032.006231379895
1031.9959757769311
1031.9843517347458
1031.9801893283231
1031.977997401878
1031.984573186852
1031.9779575989855
1031.9789229424373
1031.9666968606405
1031.9724888399378
1031.9777582393397
1031.984998198333
1031.9890808578455
1032.001971428569
1032.0009661211384
1032.0033794538444
1031.999699460957
1032.0045661202078
1032.010398126036
1032.013334133164
1032.0245555096571
1032.0328409049935
1032.0426142807007
1032.0504170263694
1032.0638305224802
1032.080924008876
1032.0967908652865
1032.1123965444874
1032.127519562363
1032.1382584457788
1032.146322513841
1032.1599973952725
1032.1770910060973
1032.1895392955498
1032.194445711503
1032.214475269546
1032.229637764114
1032.2472533319453
1032.2618937575835
1032.2758295574615
1032.300987071429
1032.3227258700788
1032.3403022692066
1032.3634896233743
1032.3837411713578
1032.4035099215928
1032.4245052142421
1032.446949209966
1032.4667181282118
1032.4877135676422
1032.5172559491743
1032.5321574549941
1032.5231276204179
1032.503358607799
1032.4714017882745
1032.443568986063
1032.4110910142495
1032.378835134096
1032.3461351793442
1032.3270713260954
1032.300987071429
1032.2770561074783
1032.2489626858091
1032.2225785875744
1032.2023274006415
1032.1796231002431
1032.1539828893913
1032.132726851752
1032.1217268725661
1032.1051161114242
1032.0812250100123
1031.9937373849903
1031.9879055175409
1031.9992290352418
1032.013749467189
1032.0180540952517
1032.0192013308972
1032.0267029109807
1032.0266632022842
1032.0307859453608
1032.0268449406808
1032.011058223119
1031.9974635882688
1031.9922960058236
1031.993482790096
1031.9907683328063
1031.9858618984777
1031.982926003536
1031.9790247730637
1031.9721876492556
1031.9682864270337
1031.9648678678889
1031.9660944873922
1031.9643852087477
1031.9533855670652
1031.9509323105744
1031.9440951865706
1031.9438338467362
1031.9457644349552
1031.9498068240655
1031.9436735121735
1031.9494652016695
1031.945744981364
1031.9481581655682
1031.9461874107044
1031.941280607577
1031.938083117351
1031.9356296945025
1031.9314669230153
1031.9336588909848
1031.9314669230153
1031.9419441521957
1031.9492641702736
1031.9602643260066
1031.9685496399015
1031.9736776883638
1031.9827070875058
1031.9919978855155
1032.004707363793
1032.016672808638
1032.0337663098073
1032.0466971325811
1032.056470564581
1032.0682146092781
1032.0848254112868
1032.088726817633
1032.1026628426412
1032.1124362230612
1032.1307563429311
1032.1500419318118
1032.1663915914398
1032.1861600047332
1032.2096082448377
1032.2354703817477
1032.253046800601
1032.271588843114
1032.2942934448515
1032.315549623766
1032.3421558488649
1032.371437221942
1032.4004966640566
1032.427586001323
1032.454192550809
1032.4900897041812
1032.5194099567316
1032.5450507952814
1032.5694652141685
1032.5972984666464
1032.6234223757456
1032.6573499190677
1032.6893455592517
1032.7174393703121
1032.705473554138
1032.6825079492114
1032.6449011227023
1032.6055849469406
1032.5625894705013
1032.520820400877
1032.4724744249172
1032.4275473564091
1032.3867828520158
1032.301298269952
1032.2695651194986
1032.2283590063914
1032.1868923921322
1032.1541942722424
1032.1222007542817
1032.097527073148
1032.0664989669006
1032.0405986330618
1032.0246927108924
1032.0109786543119
1031.9975257588874
1031.987491395659
1031.9614493091458
1031.942948575614
1031.9366341465586
1031.9210694917338
1031.9076568068224
1031.9013424977284
1031.8957721835882
1031.8882313157096
1031.8932789033875
1031.897843841562
1031.9043794050933
1031.9094670930672
1031.9140721617346
1031.918194608035
1031.928188933223
1031.925855883723
1031.9443164937554
1031.9632199023563
1031.976070285787
1031.982344791693
1031.9812992762825
1031.9868698363737
1031.9936671146315
1031.9943710257594
1031.9968244359768
1032.0043658016373
1032.0038831437334
1032.0038831437334
1032.0060751650192
1031.999760496553
1031.998312525971
1031.998312525971
1031.9977897463527
1031.996784293336
1031.9974881925812
1031.9920986659104
1031.9899066463702
1031.9842958906127
1031.9808771529179
1031.9913545918978
1031.9930639647082
1032.0001628689379
1032.0052909815768
1032.0101576983309
1032.0157684812198
1032.0211579891998
1032.038030400584
1032.0797993005278
1032.1235387614613
1032.1699133707111
1032.21238670413
1032.231894376708
1032.2301849907208
1032.2191848221853
1032.2120861713504
1032.2084062796112
1032.2020514695291
1032.20034207765
1032.2047263731895
1032.2056918849648
1032.2022730940844
1032.2056918849648
1032.2266874051372
1032.2562299606384
1032.2796787796935
1032.3136058429568
1032.2325434981672
1032.290830930045
1032.327980980368
1032.2196400911248
1032.271641928928
1032.3223115990625
1032.3642525059693
1032.392374596486
1032.4085702338612
1032.4397058744514
1032.4664574455837
1032.4778632959542
1032.4663804553502
1032.3943445907298
1032.3270632564972
1032.272898177526
1032.229617608869
1032.1951058575216
1032.1651620794707
1032.1315397075
1032.1061637142086
1032.1083833220414
1032.1135768910735
1032.118065549551
1032.1211057188352
1032.118313452937
1032.1072357301296
1032.0957143640326
1032.066292613221
1032.045377975012
1032.0356448094312
1032.0350041688484
1032.0397521070793
1032.0437956620965
1032.0371403902784
1032.0339035783163
1032.0321545231536
1032.009087719005
1031.9918531201192
1031.9789627485086
1031.9558568228554
1031.958371930313
1031.9674625372793
1031.9704997395445
1031.9677048416067
1031.9717872717008
1031.975387038052
1031.9797308545785
1031.9816614403167
1031.978685141049
1031.9803542698867
1031.9793487262205
1031.9822445715106
1031.9849192385352
1031.9839539548275
1031.9871112664753
1031.9868900781885
1031.9820233876953
1031.9751858690734
1031.9712844739072
1031.9561212060282
1031.9460860289716
1031.9436325017537
1031.9453418870498
1031.9411789680098
1031.9353066512308
1031.9223757192776
1031.9053224261554
1031.8909438011115
1031.8843679030167
1031.8792397912985
1031.8738500695542
1031.8692045358391
1031.8601750915368
1031.8364881080681
1031.8393022371497
1031.8294879582982
1031.8262901410358
1031.82624935645
1031.8223072432534
1031.8137603836349
1031.8100799259428
1031.8115275830294
1031.8215221379385
1031.833708667066
1031.8495349043803
1031.8595295826133
1031.8636926160625
1031.8771468259579
1031.8872634583759
1031.8835648973381
1031.9047402902695
1031.9264389195473
1031.946910934073
1031.9615511640218
1031.977156708349
1031.9954369928946
1032.0074026776995
1032.0235311959723
1032.0396596892697
1032.0567535182086
1032.076300744505
1032.087522435598
1032.1014189437678
1032.1170249000688
1032.1183709205
1032.1162979741282
1032.116638463146
1032.1254859028486
1032.126008182291
1032.135559799506
1032.13998339679
1032.128540374204
1032.113156539537
1032.0850003974695
1032.0560613174214
1032.0392694029845
1032.0341812228191
1032.0149363974854
1031.9030556172645
1031.9302286571283
1031.9484914278028
1031.9653455494931
1031.9808309729233
1031.9936815986157
1031.9854759810694
1031.9823583714176
1031.982920323054
1031.9795415144583
1031.9859352033639
1032.0016820824853
1032.0139710076335
1032.0251126422656
1032.0509965205235
1032.0735017401528
1032.0875399298368
1032.1030660983579
1032.1139867437926
1032.1231980727828
1032.130217336631
1032.134079069262
1032.1369753697286
1032.1486799735537
1032.152320275094
1032.1588966913002
1032.156443308244
1032.1547338910138
1032.1493443824002
1032.1393491404606
1032.1305806290175
1032.1195801561653
1032.1144519163674
1032.1076541821496
1032.0971364221512
1032.0856532525866
1032.0849092198396
1032.0824557716408
1032.0768448521262
1032.0714552499705
1032.0604948064836
1032.0578200485866
1032.0446274684818
1032.0367843445943
1032.0306907942424
1032.023109065787
1032.0155273223804
1032.008910858022
1032.0042652617399
1031.9998811480962
1032.0013290760328
1032.008166736697
1032.004747906164
1032.0064573213804
1032.0120682155903
1032.011102919696
1032.010620271784
1032.0006252735502
1031.9950144011755
1031.9896650264554
1031.9837926750067
1031.9786644540377
1031.9803738609269
1031.9830485371488
1031.9840138064756
1031.988136395195
1031.9900669381154
1031.9888401545265
1031.9893227894613
1031.986165467205
1031.9837522975092
1031.9840138064756
1031.984757945994
1031.9886594012712
1031.9918167259245
1031.993747279094
1031.9969046131212
1031.9546536511154
1031.9199439992258
1031.8949668851667
1031.8743329237454
1031.8988459258644
1031.9263348009945
1031.9421207640826
1031.96377841948
1031.9829831810055
1032.0010409355775
1032.017832567611
1032.0348854818574
1032.0453625919965
1032.0524212114751
1032.0601841423181
1032.0664989669006
1032.0284678698108
1031.9950034000708
1031.9661053562486
1031.9342721769399
1031.9011735253782
1031.8634307010607
1031.8441875978585
1031.8553904979653
1031.862510446511
1031.8652863896236
1031.8722244692453
1031.884913799075
1031.8926960885797
1031.891750320251
1031.8925537456062
1031.8899786107727
1031.8825772863763
1031.8720186543571
1031.8661054943393
1031.8660239175865
1031.8679133786493
1031.8815479292919
1031.8925079639698
1031.8934731259706
1031.8958860313846
1031.9032063640586
1031.8904789644607
1031.8921476580908
1031.8838215102148
1031.886978669518
1031.8845249940714
1031.8806235779537
1031.8876821553838
1031.8930313295186
1031.890577640252
1031.9005725331597
1031.8973745737883
1031.8910194199289
1031.887338848631
1031.880239385588
1031.8768205089273
1031.869017622519
1031.8699827568103
1031.8641101336634
1031.8616563794471
1031.8711687172051
1031.88655370822
1031.8956243355315
1031.907852091456
1031.9120152246303
1031.9174051895927
1031.9259116636938
1031.9173644636294
1031.9092998534197
1031.8995257965028
1031.89878151866
1031.8985198179653
1031.8899725962167
1031.8806810751216
1031.8726164166098
1031.8599059738142
1031.8593824279221
1031.8561842947552
1031.8559225035526
1031.8559225035526
1031.8513177244895
1031.8491667418923
1031.845265299422
1031.8364973285325
1031.830403916262
1031.827508639639
1031.836055804822
1031.832154389793
1031.8265435476198
1031.8221595973464
1031.7916774172422
1031.7694396914405
1031.7630848206513
1031.7674685945308
1031.7738234713422
1031.7818876955248
1031.7828527815843
1031.7950391042714
1031.8111267544145
1031.8216038149974
1031.8282611661007
1031.8341741817858
1031.8500002634116
1031.864419331367
1031.8739718871725
1031.8866815326103
1031.8967165951458
1031.9135485952172
1031.9350261031216
1031.9604050240562
1031.980434724834
1031.99288291256
1032.0112032557668
1032.0224247734059
1032.036361048477
1032.0329423199553
1031.9974674379218
1031.9602438586855
1031.9565841970036
1031.9454226900375
1031.933074160848
1031.9193178782932
1031.9055613199112
1031.892327838115
1031.8802802438922
1031.8743667705642
1031.8706452199067
1031.8613536525074
1031.850835170951
1031.8383864680382
1031.8337406645398
1031.8264203235597
1031.821291977432
1031.8163843244736
1031.814674872856
1031.8120003545662
1031.8049418831536
1031.7998135459065
1031.800778601958
1031.7983247600862
1031.7963946549107
1031.7922725830135
1031.7945057393104
1031.7899011426523
1031.7920931008919
1031.7928374755395
1031.7940643761685
1031.8026115230364
1031.803314757858
1031.8001165779806
1031.8037972908078
1031.7996340475925
1031.8057274228436
1031.803535452426
1031.7969183783184
1031.793016971762
1031.7769700899628
1031.7806508053807
1031.7877091862917
1031.7915693936236
1031.779382692919
1031.7742543958493
1031.7752194319305
1031.7871442607398
1031.7847316479451
1031.7735512339266
1031.7725449636937
1031.7754813092224
1031.7737306296326
1031.776887618903
1031.7725037079485
1031.77079426995
1031.7739512547018
1031.7656246540207
1031.7661071644802
1031.7682991203592
1031.7707529852432
1031.769043541402
1031.7687816317439
1031.7731655509428
1031.7678166089984
1031.7661071644802
1031.7641358019991
1031.762729591758
1031.7552713218931
1031.7539062709045
1031.7485574084772
1031.7422435406286
1031.742505405906
1031.7383834605957
1031.7357090516014
1031.7386453194185
1031.747454104356
1031.747977771907
1031.751396534906
1031.7396364276378
1031.72099786711
1031.7128360576078
1031.7121737167404
1031.7107670777095
1031.720801970825
1031.741632556674
1031.757637995945
1031.7721959558398
1031.791661265952
1031.8075279990196
1031.8326450195702
1031.8504421500636
1031.8657857895794
1031.8748558745015
1031.894583559291
1031.9084796120596
1031.9342199101568
1031.964123621432
1031.9869689505583
1031.9964409538284
1031.9975867653307
1031.9863241762632
1031.9716425852307
1031.9547688413495
1031.9425408593465
1031.9249635418573
1031.9056767822835
1031.8847215405506
1031.8625395561023
1031.857149405555
1031.8439563042996
1031.842729395224
1031.8348853640784
1031.833134759891
1031.8209066252803
1031.813806867882
1031.8045150902626
1031.7998691949447
1031.7966708501358
1031.7998278838706
1031.796408926622
1031.796891444145
1031.8003104031493
1031.6719201945168
1031.695743008225
1031.7103979255796
1031.7317106589985
1031.740092851674
1031.748778049671
1031.7552713218931
1031.7613233491686
1031.7771082450322
1031.7850904172878
1031.7853110300996
1031.7889505600622
1031.7913631500621
1031.7852697207006
1031.7830777419817
1031.7770256572883
1031.7782525983869
1031.7769843288877
1031.7730828965684
1031.7806651698897
1031.7826365396777
1031.7802239597515
1031.7746130906455
1031.7773288646179
1031.7768463488449
1031.775136902947
1031.7729449431554
1031.7756194178423
1031.7704910781179
1031.737238973072
1031.7137343428249
1031.6292141613942
1031.6610181603346
1031.687997033439
1031.708482665748
1031.7055464244438
1031.7031339348407
1031.7000183147043
1031.6944489771608
1031.689803421749
1031.6895827899734
1031.6836691214771
1031.6875290466842
1031.6916095651372
1031.69450450647
1031.700073814051
1031.7000324729977
1031.6944218149017
1031.7012180163497
1031.7104680627303
1031.7126599567628
1031.709723645967
1031.711171121569
1031.7126185973832
1031.7063048419973
1031.7087586623502
1031.7065667711754
1031.68481340286
1031.6700768872026
1031.6616952211905
1031.6658993743654
1031.6784441967463
1031.6958964695757
1031.7106745361357
1031.6403526103538
1031.6880228480252
1031.7279738491372
1031.7667809733714
1031.7944495384024
1031.8265435476198
1031.850614404716
1031.8744647725946
1031.8941930686897
1031.9173404744809
1031.9502624004238
1031.96902602395
1031.9782362909732
1031.9677175575398
1031.949395574513
1031.9313353448742
1031.9100769390282
1031.8878533859454
1031.8687869984321
1031.8534014587688
1031.8324048881361
1031.8238573800284
1031.8311779158357
1031.8233748540408
1031.8167987830925
1031.8163162598323
1031.8094782739126
1031.8072862588356
1031.821665353598
1031.8189908048626
1031.8221478787082
1031.8267525364483
1031.8252636211048
1031.8154890824558
1031.7976494952973
1031.7951954895461
1031.7949334984025
1031.7832289050123
1031.781781399789
1031.7749433642257
1031.763983353293
1031.760826371217
1031.747412406533
1031.7432488816278
1031.7437729664498
1031.7464474335286
1031.7410985030763
1031.7444758960562
1031.7405744164168
1031.7454408656913
1031.743951798098
1031.7471087538984
1031.7480737222013
1031.7532022465366
1031.7510102524059
1031.747370805243
1031.7412773301191
1031.7427663976998
1031.7444758960562
1031.7418014299146
1031.7425459570693
1031.7425459570693
1031.7383824370138
1031.6437750779507
1031.6424102532671
1031.516802867868
1031.5541324450305
1031.5889112720151
1031.616935814634
1031.642589548033
1031.658552644549
1031.6752602554607
1031.676142440453
1031.6797403189414
1031.6825937328563
1031.6852266151216
1031.6922847667197
1031.6910578294712
1031.6781684858697
1031.6772035386919
1031.655712772273
1031.6422449553968
1031.6304450455236
1031.6283358613161
1031.625179136506
1031.6257028803311
1031.6418864859168
1031.652762898199
1031.668767416009
1031.6803883643643
1031.6968756160043
1031.7109091900818
1031.7332280518228
1031.7480063380824
1031.7625227815024
1031.746420989444
1031.7653214030274
1031.7767224005572
1031.7998278838706
1031.8142068647512
1031.8363889396635
1031.8615076129636
1031.8882948404396
1031.913454934617
1031.943220046466
1031.97079320391
1032.0027507703523
1032.0315104420183
1032.047338274832
1032.0675912211477
1032.0859136312552
1032.1017822514527
1032.1091031253573
1032.0939382096115
1032.0736851623392
1032.0451054129128
1032.0126239480053
1031.986015512117
1031.9667279157609
1031.9439802206464
1031.9292564486416
1031.9062877602782
1031.8840635144477
1031.8693806248557
1031.8544771146785
1031.84058011457
1031.8269036708753
1031.814936787914
1031.8073540232406
1031.8005158016013
1031.78416482575
1031.775617064256
1031.770488408565
1031.774127901954
1031.7682963732848
1031.764174409388
1031.7566333715768
1031.7520289567694
1031.7505815204534
1031.7571575658899
1031.7571575658899
1031.7617619967973
1031.7629473448696
1031.77097089305
1031.7699642020038
1031.7660626074887
1031.7685167535324
1031.76172027872
1031.7578187041515
1031.7534346562204
1031.7507601586994
1031.7453694063902
1031.7394011108163
1031.740366060892
1031.7283458690902
1031.7215912065044
1031.7121621249958
1031.7061103908566
1031.709791357525
1031.710053389586
1031.7108809948013
1031.7128939392503
1031.7256458892705
1031.7410721216113
1031.765265977367
1031.7792032362029
1031.7816570331995
1031.785075876598
1031.7943262148865
1031.7857790831922
1031.7830634211482
1031.7825396901658
1031.7752194319305
1031.770573645941
1031.7710561614078
1031.77175929934
1031.7414020835909
1031.7207924390805
1031.6994798365015
1031.6805388600135
1031.6690973240138
1031.6777410584714
1031.690989035116
1031.7203798568037
1031.7423126298388
1031.6954694871033
1031.7166162470664
1031.7366187707548
1031.749604391728
1031.7555730525403
1031.7669323001471
1031.7741696030423
1031.7685167535324
1031.7640909343024
1031.763566684433
1031.7652344601486
1031.7701010354735
1031.7727755672217
1031.7793517370271
1031.7896092002288
1031.7989016809838
1031.8062224837117
1031.820864115123
1031.841117043155
1031.8591779316948
1031.877238865479
1031.8982364875642
1031.9231358864815
1031.9392667131228
1031.9605262947987
1031.9827510186105
1032.0037487592701
1032.0088775503466
1032.0008121599137
1031.9854257860152
1031.9653932092533
1031.953908607132
1031.9448780606356
1031.9333934564168
1031.9167800589098
1031.8996841122912
1031.8857868139537
1031.8677258663708
1031.8491824463204
1031.841117043155
1031.8245037135007
1031.8144666233147
1031.8027198999087
1031.790752777174
1031.7853618694885
1031.7751043262435
1031.7736568960886
1031.7736568960886
1031.74022907108
1031.7338196565165
1031.71759416688
1031.7174152588352
1031.7108394560457
1031.7081234827372
1031.7168080665256
1031.7229969739296
1031.7390020375433
1031.7442675920095
1031.757336225074
1031.7606718181719
1031.7703631684249
1031.7658954476794
1031.7670807116774
1031.7621722558545
1031.76677667275
1031.7648048962374
1031.7655076460924
1031.76599011524
1031.768664656157
1031.7735312771852
1031.7801075176794
1031.7847538660076
1031.7864634738519
1031.7847538660076
1031.7833064344445
1031.7850160396556
1031.785980995763
1031.7903651697095
1031.7945290321018
1031.7957561563387
1031.8023324349804
1031.7986928849587
1031.7982103999184
1031.79308158481
1031.7977279149018
1031.8023742406547
1031.801409265472
1031.8004442903834
1031.8057934483209
1031.8075030523046
1031.8172364322193
1031.8162296740304
1031.8074194535911
1031.8071572963902
1031.80080130614
1031.8071154517793
1031.8071154517793
1031.7713699007913
1031.7690942774402
1031.7675631856685
1031.7707201960159
1031.7721676209749
1031.7782613495322
1031.7784816640929
1031.7858025308713
1031.7774748476318
1031.7789222735767
1031.783044258264
1031.7788803831063
1031.7791006657217
1031.776908581128
1031.7747164984137
1031.7798453306714
1031.7876068336816
1031.7859391167578
1031.786421593256
1031.7891798946112
1031.788602475883
1031.7981570889917
1031.8057816535431
1031.817790253389
1031.845667320423
1031.8774458876767
1031.8996701726219
1031.9255754689316
1031.9531902659273
1031.9744493613375
1031.9754555176323
1031.9671695347802
1031.9343696960577
1031.9020119829424
1031.880353183126
1031.8647470396531
1031.8396696365344
1031.8140687503997
1031.8018818443736
1031.782857144102
1031.7733448242038
1031.7697603194679
1031.7708628857888
1031.7702973341811
1031.7629352227275
1031.7548285029584
1031.758205895066
1031.7605766391391
1031.757336225074
1031.7713281278732
1031.7831697975662
1031.7911516554161
1031.7937843878562
1031.8010634742795
1031.8054476779873
1031.8088669148935
1031.806150482492
1031.8015040970201
1031.7961130405588
1031.7980848507864
1031.8007594361654
1031.801241917357
1031.7995322916572
1031.7951480834656
1031.7990498113434
1031.800497252355
1031.798787625
1031.7970779977454
1031.7941412204111
1031.7965536051288
1031.7938370809097
1031.7916449710058
1031.789935335677
1031.7897150768533
1031.7877851830756
1031.7870404998553
1031.7897150768533
1031.7943614967962
1031.7830861277225
1031.7866837750873
1031.7963752278201
1031.7999728698692
1031.802123061238
1031.807210053871
1031.8108496196933
1031.8140067119725
1031.8132620203903
1031.8125173254919
1031.8129998048707
1031.814489193013
1031.8257120846588
1031.8315438361915
1031.8325088127149
1031.8325088127149
1031.8332534960482
1031.8271595438607
1031.8203209132635
1031.8164191174096
1031.8139647636988
1031.8195762200066
1031.819314004708
1031.812213128582
1031.8092762764727
1031.8073463757148
1031.8080910847043
1031.808835790377
1031.8076086087426
1031.8110279257444
1031.8095385127303
1031.8109859409672
1031.7962494536341
1031.7885298629799
1031.789096161965
1031.7896623752395
1031.7943505204416
1031.7917177481413
1031.7966261545248
1031.7959232931162
1031.8042091054858
1031.8056565853888
1031.8100407530933
1031.8195537064148
1031.8295491839162
1031.8466035329761
1031.849926992809
1031.858819855912
1031.874026768422
1031.889454101999
1031.9122020719908
1031.93082750158
1031.952445863535
1031.9557828167892
1031.9591608557791
1031.9610911642906
1031.9586371504215
1031.96517249912
1031.9744237723075
1031.984640250517
1031.9872738943172
1031.9924999469122
1031.980670610572
1031.9485869815178
1031.9187366169283
1031.8948013177742
1031.8725757004704
1031.8508325980436
1031.8286070032739
1031.8197964860065
1031.8065596469014
1031.8030982586192
1031.793060394268
1031.7939831953627
1031.7859172301178
1031.7815329487382
1031.7751766688552
1031.7727222024876
1031.8310717874738
1031.9058158170421
1031.9500474678687
1032.0142713924613
1032.0640734346389
1032.075820667213
1032.0670514435246
1032.0502163650774
1032.012603067824
1031.9813460289438
1031.9503095351633
1031.930496199864
1031.9097177282733
1031.8955576452709
1031.877233509574
1031.8632937466614
1031.8552277564015
1031.7450955372267
1031.7633463332686
1031.7762895917313
1031.7775693818191
1031.785467136795
1031.7934068332181
1031.7874489027963
1031.7837250884884
1031.780043398149
1031.7751344548544
1031.7702254854544
1031.7684735196665
1031.770885743186
1031.769396109683
1031.7720707040055
1031.781059402848
1031.7825067434892
1031.7817619175808
1031.778604862379
1031.7742205418583
1031.7754478127545
1031.7754478127545
1031.778867241494
1031.780576956014
1031.7986390179867
1031.8164387960474
1031.8065693764934
1031.8167854569285
1031.8206873429574
1031.8124011089726
1031.7985876565515
1031.7869664421419
1031.7796874219412
1031.7741180923588
1031.7673215806162
1031.7653917579414
1031.753906654121
1031.7461031589944
1031.655802374814
1031.6645282110026
1031.6666782214018
1031.6680835754205
1031.6697511151715
1031.6740930532717
1031.681413638838
1031.6848327133814
1031.7061442684437
1031.7240788977285
1031.7317560726476
1031.7419296092778
1031.7477611133766
1031.750655837621
1031.75385489236
1031.7555645162263
1031.7643328570387
1031.7648153181833
1031.772314493037
1031.7788067015754
1031.776005787293
1031.782760175511
1031.6881153973436
1031.7131607626352
1031.7358779321291
1031.7454848523807
1031.7541267978536
1031.7537800840346
1031.7512833814171
1031.7587823671352
1031.7509364340751
1031.7506317114928
1031.7522990520115
1031.7547112239206
1031.7459002554342
1031.7451129612803
1031.7436232233676
1031.747262650347
1031.7545415267941
1031.7501572075532
1031.753576670694
1031.756996134237
1031.7591882968302
1031.765544794851
1031.7682193974185
1031.7782153883795
1031.7879489974534
1031.7842670906268
1031.7815924658296
1031.772078878928
1031.7733061840818
1031.7762432273507
1031.7759807986813
1031.772078878928
1031.7708515721429
1031.7686593966257
1031.7696667028092
1031.7633101878268
1031.75989071335
1031.7608555732415
1031.7588833804014
1031.7608555732415
1031.7586634053184
1031.7562087843608
1031.7564287510543
1031.7471776653076
1031.7471776653076
1031.7444605533522
1031.7459078147506
1031.7488448823276
1031.745205453009
1031.7386289761128
1031.7469151935816
1031.7413035526704
1031.7425308718152
1031.7484049796342
1031.7547615023877
1031.7569536674534
1031.7666872101443
1031.7141445574814
1031.7230060613892
1031.7270431646084
1031.742303237243
1031.7481348000956
1031.7367764809226
1031.7203738611572
1031.7126972649419
1031.700594267464
1031.7063834127591
1031.7126972649419
1031.7136198491248
1031.7177416471247
1031.7145424040098
1031.7063411361169
1031.6954653982095
1031.6884491003918
1031.6868239577059
1031.6952453138683
1031.6966503264857
1031.7005097293459
1031.704369133706
1031.710682982981
1031.7109030422366
1031.7191889380153
1031.722828317148
1031.7203738611572
1031.7210763458647
1031.7221258142524
1031.726467703778
1031.7379106318288
1031.7403228161422
1031.7577751978604
1031.7699208537078
1031.7815841427614
1031.785926179853
1031.8056134903252
1031.8204763924098
1031.8253432604
1031.833849748449
1031.8389367661666
1031.8345100673055
1031.827408654184
1031.8261813521528
1031.8168876921106
1031.8083388805144
1031.7936959033498
1031.7892690583226
1031.7821675445362
1031.7777406364744
1031.7733136954948
1031.7698941484944
1031.7671769440599
1031.7749809081222
1031.769851569641
1031.7693691456072
1031.7686242135276
1031.7747184060356
1031.7713414255115
1031.7679644461318
1031.766254676293
1031.7623527140177
1031.760423022655
1031.758975754378
1031.7630976352943
1031.764062482778
1031.7672195256723
1031.7696316495287
1031.7696316495287
1031.7657296748018
1031.7649847443913
1031.7659495888774
1031.7647222320643
1031.7695890599564
1031.7683617005027
1031.7678792781307
1031.7678792781307
1031.7761656837533
1031.7727461143338
1031.7707738127108
1031.771518753094
1031.7766481097058
1031.774193386995
1031.7737109627515
1031.776868024601
1031.7778328750073
1031.7912487076628
1031.82128011618
1031.8574059453722
1031.9311898742865
1031.9832288167015
Keyboard Interrupt
