CHIP_ID(id=88)
1048.5878913682445
1047.9185469429542
1047.3781101713662
1047.0079380978975
1046.7291551269504
1046.5297718519105
1046.4245102372547
1046.3827425669317
1046.4079066782526
1046.5063832312244
1046.6264449797509
1046.7636831816721
1046.9100058486858
1047.077175514542
1047.2781833885358
1047.4946693772831
1047.7133616434767
1047.9668226877363
1048.249003169852
1048.5142879900552
1048.7523421201518
1048.9671209368264
1049.1904817655136
1049.4540616879315
1049.7122546917171
1049.9393112072369
1050.165882877941
1050.395155283598
1050.5540546580146
1050.6970169520946
1050.920167653027
1051.2426351940182
1051.548432478236
1051.8405013389633
1052.1720566713218
1052.4849759966153
1052.8175155842202
1053.0975840217197
1053.3921226130951
1053.4808993184345
1053.6398211569397
1053.7567984964817
1053.8048668017846
1053.8970779330878
1053.9520133827891
1053.9937073400188
1054.0241163176424
1053.9716421807586
1053.8387212242149
1053.6898579197336
1053.508869658003
1053.3016396077528
1053.062536069939
1052.7981660098048
1052.501181724235
1052.1804099649182
1051.8468921233216
1051.4756132307455
1051.1156205440038
1050.7568578634337
1050.4064371291624
1050.0952539539066
1049.7975602623162
1049.476574635928
1049.2352871348555
1049.0268574059933
1048.7804192119338
1048.4952411635472
1048.234095028015
1047.9942854069532
1047.6978363492594
1047.4077666167805
1047.1569261656725
1046.9519400854479
1046.7494105686064
1046.5988610289885
1046.5164769285202
1046.4284693704074
1046.230300126115
1046.121193723303
1046.0089062949614
1045.8556689576615
1045.64647667967
1045.5106015202718
1045.3860131511901
1045.3013996038198
1045.250385368353
1045.1804929848402
1045.1182054748376
1045.0704419550145
1045.0686534240376
1045.071363210839
1045.1105642042412
1045.1573709658423
1045.1919297544687
1045.2345818832807
1045.268653183073
1045.3279798676442
1045.4049738893336
1045.4934933177244
1045.5254603513554
1045.5796052852518
1045.6139129582582
1045.6457645387175
1045.6810488430065
1045.7170255320134
1045.753570746959
1045.8297629214537
1045.9135776158096
1045.9998500518707
1046.0976648931914
1046.2104394073601
1046.3501881510822
1046.4923940701187
1046.628474974832
1046.7613618544328
1046.9317601643636
1047.0965918355125
1047.3942226974227
1047.3942226974227
1047.5227444566488
1047.600481216609
1047.7238130104404
1047.8446911347442
1048.0119140243278
1048.1779115513468
1048.3238028199346
1048.4625817728074
1048.589595192274
1048.712197857025
1048.8193529901605
1048.9078694240975
1048.9488342148393
1048.9873882851184
1049.0729682683266
1049.1622114280208
1049.2603013806747
1049.3694361844466
1049.4849344519278
1049.5920931849655
1049.7088096017103
1049.8044447570157
1049.9496036806563
1050.0832420420086
1050.1872124657323
1050.3546956445132
1050.5471954984334
1050.7723124187094
1050.9677590572196
1051.1308361391802
1051.26645433687
1051.3333553677421
1051.4469067989733
1051.475118335698
1051.4013122110475
1051.3073935678267
1051.2345615940235
1051.1779275525876
1050.9954731084317
1050.7688805688488
1050.4564599195699
1050.1732328916223
1049.863277901506
1049.5516103254224
1049.2740139892223
1049.0255926339516
1048.802919428048
1048.572404299977
1048.341646944821
1048.11383307006
1047.92549859848
1047.7771323180234
1047.607438987475
1047.4276968288793
1047.2876733374778
1047.1913006062794
1047.0679530873854
1046.937501591894
1046.816860826492
1046.681749697133
1046.5704045162172
1046.4786931387373
1046.394587346223
1046.3092536848205
1046.1457042804927
1046.0380577288201
1045.9456072193846
1045.905641466359
1045.9034369321798
1045.9406940799827
1046.0037136391566
1046.0730953409077
1046.1510597545102
1046.2194659419276
1046.2341741076818
1046.249622183076
1046.2716993298554
1046.2891006351863
1046.281746506911
1046.2741408411596
1046.2716845313644
1046.2763307977223
1046.2743627725085
1046.285386620114
1046.2937174240412
1046.3096539998824
1046.337842776793
1046.372897655513
1046.4020779472442
1046.4552748645913
1046.527605045357
1046.629855986266
1046.7585947515795
1046.887334085758
1047.0295557773927
1047.1801110451909
1047.337045404534
1047.4530333811379
1047.575399428293
1047.708564699252
1047.8557024411884
1047.9903263655394
1048.1342813435595
1048.2662201384742
1048.4042876261474
1048.5264092368914
1048.6485519939285
1048.7915156838435
1048.900153921684
1049.0007100358757
1049.1000383379417
1049.1858752662495
1049.141000230913
1048.8886561522388
1048.6799990756092
1048.5610863797401
1048.4720950873102
1048.471130022161
1048.4559365422244
1048.3732746034468
1048.233235103464
1048.1736299933361
1048.1591516012816
1048.1937149860587
1048.2631071978649
1048.3915936544495
1048.549022710485
1048.7145470105481
1048.8545715455168
1048.9877305322664
1049.1201532682949
1049.2442410800231
1049.3759330268192
1049.459547582129
1049.4826011266946
1049.4978043382848
1049.5208578875902
1049.518887021595
1049.5169197515588
1049.4612486246715
1049.4232343412011
1049.3432823201667
1049.161065729354
1048.927839035402
1048.713248546982
1048.589400259986
1048.408164452731
1048.184261443093
1047.9647712723367
1047.7519088786344
1047.5554754351508
1047.3249609731424
1047.085126430193
1046.8183169926858
1046.5694147777194
1046.3026243152192
1046.0473491864714
1045.8168476305734
1045.5708996604974
1045.3735033197108
1045.1650684355398
1044.957122232796
1044.7822770532584
1044.6692451954286
1044.6415279260023
1044.5735906493217
1044.4872809696813
1044.3992551938218
1044.314153407942
1044.2555399318337
1044.2089414380448
1044.188831432081
1044.1731286854056
1044.1515570810275
1044.1309598880734
1044.127759291018
1044.1323761179092
1044.1372931949347
1044.146362595988
1044.1554320083756
1044.1618106045971
1044.1407034384624
1044.1370156151079
1044.1549222241492
1044.17698123424
1044.2291945834825
1044.2880416203454
1044.3755815634338
1044.4962222119993
1044.6374613421012
1044.7877712951629
1044.9640837085876
1045.152412648245
1045.368460225992
1045.5820512947307
1045.795391023308
1046.0273626187043
1046.2765028505753
1046.5148581669473
1046.7448841319829
1046.966328754364
1047.162514123223
1047.301824628998
1047.4602674671603
1047.6677529856183
1047.8715550002933
1048.0638294046391
1048.2551251356567
1048.4390567321527
1048.5811279626878
1048.7143859178632
1048.932858956492
1049.1488892359027
1049.3717949939182
1049.5822046426704
1049.8561275538902
1050.138882596106
1050.3929451356626
1050.6641851275692
1050.8804971747415
1051.0892109695144
1051.358506243673
1051.5758106047326
1051.7161038798672
1051.9091301379997
1052.0832729856959
1052.2343583908664
1052.3609286519618
1052.4590348336867
1052.5674425058194
1052.6249993256824
1052.7533090192353
1052.6846627611233
1052.590502990817
1052.4718061495564
1052.2574455618458
1052.0136486764704
1051.706814277631
1051.3364584412825
1051.0019149441814
1050.6583016205313
1050.314447919737
1049.972315400932
1049.6434313533066
1049.3640900636424
1049.1325721937915
1048.855441169178
1048.5910669873933
1048.3315965593943
1048.079972783645
1047.8303160747091
1047.6046942353398
1047.3763793811584
1047.1679267342818
1047.0337787949109
1046.9273479059034
1046.800317998941
1046.6678876138722
1046.5607181235473
1046.4927937803477
1046.4697527363687
1046.3559493510184
1046.3592673918945
1046.3859042725078
1046.440034645958
1046.5243385363683
1046.5696660449364
1046.607890791246
1046.6591229831654
1046.7655378498473
1047.0159112681138
1047.1610845816554
1047.273642882516
1047.354313166905
1047.345241138362
1047.3239024250472
1047.276086793823
1047.2304648099282
1047.1868097334452
1047.130649478671
1047.0879717516536
1047.059515670527
1047.0058113056953
1046.9651007420875
1046.9388626632553
1046.9151458610195
1046.9259469763226
1046.9565820914906
1046.9975425945263
1047.0858038060646
1047.1824111193116
1047.3077136095517
1047.4367008639463
1047.5777166273824
1047.7106486230048
1047.8575626901318
1048.0204147625116
1048.1862014458184
1048.3632590215273
1048.551356325099
1048.7355322731125
1048.922653363422
1049.105604932476
1049.256429812797
1049.3981823056483
1049.5274285333385
1049.6615824851447
1049.7991701837163
1049.8960457573996
1050.0005249639596
1050.127810643684
1050.2663801411868
1050.3725794805016
1050.4949626051412
1050.6357375728821
1050.7664562287714
1050.8966876882744
1051.031335410661
1051.1748138364317
1051.3011258706508
1051.4303823185319
1051.5478724296297
1051.6962620585118
1051.8588835804449
1051.8309259967036
1051.9052442809882
1051.970243687114
1052.0308271463055
1052.0612453141769
1052.109567493206
1052.2268107597938
1052.1672090345971
1051.9690267837864
1051.8439385376096
1051.7992984381353
1051.7396971655965
1051.6406068160777
1051.502518672662
1051.2994329839948
1051.0426347933453
1050.7799530522434
1050.5123686769098
1050.2698037945993
1050.0198837187072
1049.8069992492156
1049.6603344768657
1049.4999358328432
1049.323354377327
1049.141866387239
1048.9674942021923
1048.820832823746
1048.6670637121247
1048.5191837904679
1048.3430997479688
1048.1611287784426
1048.048555842622
1047.9744885646567
1047.8729541293824
1047.8349373722892
1047.7530251682251
1047.6865632966067
1047.610290350832
1047.5769345321628
1047.5688400346667
1047.5492176499579
1047.4849614374234
1047.4616668262343
1047.507039445487
1047.555345538206
1047.5639289767623
1047.5251840643077
1047.4790724575714
1047.4371330812878
1047.3748320926252
1047.3081317603464
1047.2490255766163
1047.1904081200548
1047.1197738787307
1047.0457062488829
1046.978267472812
1046.9169560785394
1046.8841018463092
1046.86546957284
1046.843641599993
1046.807103321823
1046.7649403890764
1046.7610459893997
1046.7617992460414
1046.7789790414747
1046.825103534495
1046.889859342483
1047.0112500776095
1047.0931589633708
1047.172648497093
1047.2884119462776
1047.4051300569495
1047.5196438782252
1047.6187090472076
1047.7236637001179
1047.7913417062953
1047.8558362838164
1047.9492746713552
1048.0194089382303
1048.086137038767
1048.172468141662
1048.2879658698666
1048.4301940517128
1048.5795467341788
1048.7399314045824
1048.9113556063512
1049.0960145338256
1049.293441766426
1049.4830234132517
1049.6819231060044
1049.9225181624136
1050.1699816004582
1050.389489767067
1050.5839845779792
1050.8003111696596
1050.9935846049918
1051.150313774793
1051.244744041554
1051.266082341818
1051.3156285496784
1051.329363926905
1051.3629671962547
1051.3080256084315
1051.343345790157
1051.3690997032688
1051.467455694707
1051.4858510614806
1051.5093972278612
1051.439984748552
1051.3725335600698
1051.2614242297063
1051.1530136343201
1051.044847939949
1050.8974388677946
1050.714712132885
1050.5216854824623
1050.3004551425925
1050.0645096684268
1049.8447538389237
1049.5889464059692
1049.3198965906486
1049.0417753665706
1048.7952964098438
1048.5642708417724
1048.3374191611633
1048.1252823482434
1047.9102031687642
1047.5192840231462
1047.5192840231462
1047.4009240046717
1047.2771230648789
1047.1613834843304
1047.0470984788944
1046.9340413223083
1046.8369220089203
1046.7523071661851
1046.7079132517454
1046.737081680209
1046.7986283040927
1046.864321452157
1046.9275987230942
1046.986214640979
1047.0862675986193
1047.1740905320535
1047.2101634965577
1047.294969797634
1047.3528697084025
1047.3943302122352
1047.4100073391662
1047.4156235075823
1047.4205007000526
1047.3868835316214
1047.331199420186
1047.2801761382289
1047.230142135071
1047.1828021842462
1047.146739542718
1047.1177940409752
1047.0967051776115
1047.0819817080865
1047.0873697511313
1047.1013412684877
1047.1253749686307
1047.1641196648231
1047.219054038478
1047.2837999736673
1047.3725798922057
1047.4554708554117
1047.5641129415667
1047.6857505868015
1047.8140166457288
1047.9329608769417
1048.0528840312854
1048.1666793013833
1048.3108877149189
1048.4671143016585
1048.6358487130171
1048.813657827378
1049.0128076847725
1049.1916045867786
1049.3701547222863
1049.505294979595
1049.6043819497277
1049.6745295873754
1049.7716566317984
1049.8530852731299
1049.930343665461
1050.0333551738552
1050.1199433271813
1050.2148600174366
1050.3168889827857
1050.4225971849735
1050.5506268561176
1050.6744876856094
1050.762049290209
1050.854026159168
1050.9609650488674
1051.101996836762
1051.2700088450015
1051.4505305659263
1051.6909019526593
1051.8976708344694
1052.088744810851
1052.2788429132931
1052.5175047281214
1052.823623671836
1052.9999853009351
1053.0892708378349
1053.1098752313449
1052.9899172652383
1052.8680092541822
1052.684525278746
1052.4389905838611
1052.168931058113
1051.8549627171826
1051.4945836298568
1051.232177099451
1050.93518508967
1050.6077788301207
1050.297780866945
1050.0125510660655
1049.734922754924
1049.476918008676
1049.220640596954
1048.9773578679058
1048.7544356724156
1048.5663387006732
1048.36622670023
1048.1810600013005
1048.0471520402511
1047.9961415866599
1047.9671984159968
1047.9228052477608
1047.8833029129405
1047.8901888104485
1047.907374376089
1047.9321551595142
1048.054747940876
1048.1467527315756
1048.246823590177
1048.3674461469432
1048.4819509284516
1048.6631687990878
1048.8139853667271
1048.8014656227792
1048.7430897575882
1048.6469452237031
1048.4720788375475
1047.8210434989708
1047.3818022856917
1047.0919186160818
1046.900370520565
1046.7228054611808
1046.6585368544343
1046.6646496229469
1046.6903851572797
1046.7254437777688
1046.7499653358382
1046.8044096104743
1046.876020469732
1046.936103429833
1047.0064864835372
1047.0685875329355
1047.136752128972
1047.2225725999335
1047.3182051240778
1047.440816562461
1047.5793682800352
1047.7331325294458
1047.8967091045881
1048.0767156621353
1048.271195989658
1048.4779358671008
1048.671440680076
1048.8637193884465
1049.05354513983
1049.263236939008
1049.4535561283205
1049.6355359991028
1049.820218476567
1050.012750274779
1050.1751166432432
1050.3262022558222
1050.454232906716
1050.5682842453557
1050.756162840867
1050.9266280630377
1051.098811382525
1051.2893914497974
1051.4704061707448
1051.6428368514087
1051.7941735097927
1051.874871067861
1051.9769072079541
1052.1346213996994
1052.3254499507586
1052.4608497862057
1052.573667882285
1052.6997495111834
1052.9401390638025
1053.1111087203185
1053.1748808976545
1053.2062623148408
1053.1586604053734
1053.0970813512954
1053.0556233309571
1053.0340359037334
1053.0117069512344
1052.9243826394036
1052.7379661495297
1052.5603784951722
1052.3656116860698
1052.1294010699023
1051.8593497331717
1051.5647813011458
1051.24863494388
1050.9496632943476
1050.6487363620834
1050.3738058765834
1050.1361538701426
1049.9137087111505
1049.705734833962
1049.5237559554353
1049.3108756095799
1049.0965261658707
1048.8856108835796
1048.6903948806464
1048.5589316585072
1048.454460927215
1048.376960692661
1048.2884221316099
1048.174132901751
1048.07381716065
1047.9531497488902
1047.8594601801442
1047.81874853698
1047.7768194088005
1047.783436580367
1047.7280134956586
1047.6922127991277
1047.7115853147639
1047.773386031789
1047.8628935740987
1047.967612284061
1048.0487866189421
1048.1113265107526
1048.1760635755736
1048.1912650624688
1048.2069645479983
1048.187102134755
1048.1535060488566
1048.1275152009503
1048.0873197163014
1048.0667103269718
1048.054933465063
1048.0284446180954
1048.0196118963024
1048.0051398880914
1047.989200432257
1047.9860163105955
1047.9789002324578
1047.9607454718773
1047.9325397596447
1047.9136463266007
1047.9325301176293
1047.9698086079304
1048.042888855403
1048.147857793579
1048.2621400776163
1048.3879508515413
1048.5228354286064
1048.6582103745998
1048.788684174946
1048.9228400297295
1049.0721993788718
1049.2313704457329
1049.3792617521437
1049.507041696114
1049.6644976396562
1049.8141068666455
1049.9639601950576
1050.1103807760119
1050.260727786653
1050.4017545184136
1050.5243866158978
1050.650943198024
1050.784122507206
1050.8878702044617
1050.9940714612683
1051.0622559535157
1051.0178629588604
1051.0171252827347
1051.0524429243694
1051.0924202905098
1051.038214810963
1051.0203096055684
1051.029874028716
1051.1122828062905
1051.2037668979508
1051.3342484132183
1051.5510652910586
1051.7480160289954
1051.938821514678
1052.0751798623537
1052.254955361491
1052.4931045987935
1052.629978233822
1052.757777972315
1052.879687542244
1052.7965410068123
1052.7109366755865
1052.5561647063332
1052.3312499432661
1052.0636628624725
1051.7877363696964
1051.552525827777
1051.3121666511165
1051.0281533321242
1050.751989463819
1050.4643052446954
1050.175891721311
1049.9105265489961
1049.6714032160544
1049.4460126049787
1049.2321530881882
1049.0018642217965
1048.7406757266874
1048.46011575998
1048.2129129931634
1047.949034818345
1047.6888417275538
1047.3901353434571
1046.812612109743
1046.5386823803608
1046.3250858855938
1046.2059019928279
1046.21105171768
1046.2554309027107
1046.286329363906
1046.3292439477073
1046.3795132660425
1046.4847137238953
1046.5796150519986
1046.7066438708787
1046.8449633771518
1046.9641493113124
1047.0512083255185
1047.1108014911824
1047.1439061098133
1047.1772490893331
1047.195154595426
1047.2125592974817
1047.227520290753
1047.222358362228
1047.21378718685
1047.2228591294684
1047.2304648099282
1047.217721223053
1047.2196882262083
1047.236854534074
1047.264559119393
1047.3067360148932
1047.3704904547278
1047.4315509046
1047.5149281674303
1047.6167002123755
1047.7380845240034
1047.8874262028446
1048.0360405415408
1048.1979004008504
1048.360250649535
1048.5201550573177
1048.6758886317723
1048.8259830669024
1048.9660192591305
1049.1232240825861
1049.2885290635638
1049.4766377740318
1049.630902091623
1049.790074665018
1049.958568540252
1050.1121017282408
1050.2734833576976
1050.4333937725667
1050.5763825907766
1050.6497168464025
1050.5523471784247
1050.2698067476322
1049.9156562954968
1049.4077414248145
1048.707072469313
1047.9934281655833
1047.2050094956794
1046.5247722387028
1045.9107586947857
1045.344035565632
1044.8256427281337
1044.4083494916713
1044.1177312040759
1043.904415844258
1043.712672266085
1043.6190162123785
1043.6018528946313
1043.592297397758
1043.6287790448741
1043.7010732093468
1043.839332755912
1043.994781000128
1044.1105210011406
1044.1504851798647
1044.217657094729
1044.3064227462182
1044.3846356731121
1044.3686790080321
1044.2982841580874
1044.1702728118287
1044.0439777924287
1043.9169404181418
1043.831351821162
1043.7305709680775
1043.6072215504366
1043.4924541302871
1043.3909310347863
1043.296273538682
1043.2136307623887
1043.1555040235273
1043.1182302180994
1043.0738607395047
1043.0292613801716
1042.9954205828785
1042.931685094291
1042.866949928925
1042.845353495768
1042.8936414812165
1042.9051695161709
1042.9265091960901
1042.980203237816
1043.0297479926414
1043.0204494628692
1042.9802564724464
1043.019246171496
1043.0994024381723
1043.2293602371637
1043.4495442990067
1043.6972168666653
1043.9220663285848
1044.135899475368
1044.3058258560309
1044.4232853203216
1044.5120528738123
1044.5763029512825
1044.600820609419
1044.6138105963573
1044.6576967654378
1044.6611296732945
1044.6633335795093
1044.6449400230156
1044.6294919341328
1044.6184516164749
1044.6172225892217
1044.6128148263524
1044.6250632751091
1044.6348745876164
1044.6750946837244
1044.7489024820675
1044.843795621694
1044.966894048036
1045.0892517288462
1045.1956739005584
1045.2751389311827
1045.3957812613655
1045.5524708432413
1045.7125944577551
1045.8861990396442
1046.047049295817
1046.2142793791252
1046.3756364652825
1046.5240159230284
1046.6625838232353
1046.8085061006584
1046.8717816665999
1046.4875228030164
1045.8663907196094
1045.2697920973314
1044.7433473146887
1044.3176738937366
1044.0854719593945
1043.9749035496761
1043.9472093768707
1043.9553041909992
1043.9158969700077
1043.9539579630373
1044.0398208319332
1044.1537971247262
1044.257986079093
1044.3734489386356
1044.4820475493796
1044.6463140966086
1044.7762540067627
1044.8858517153865
1045.052599761052
1045.2394392905198
1045.4557134178208
1045.6626490472306
1045.8639668554854
1046.054247006302
1046.1986709913363
1046.3224978101916
1046.373254077449
1046.29649811278
1046.288403713353
1046.2937899467877
1046.2704983570754
1046.1937424583248
1046.0865773211242
1045.9624992769568
1045.8200282820364
1045.6652898443508
1045.4897187540541
1045.3180511967453
1045.1584178886517
1045.0208460441834
1044.8916229902613
1044.7709829383118
1044.6608963190306
1044.571153617393
1044.4576141068508
1044.3350052332407
1044.2168262262003
1044.0630850754528
1043.9845744116212
1043.922252201581
1043.8506285142387
1043.7743422940434
1043.6870388788875
1043.612723800346
1043.5693031756157
1043.5469657546062
1043.5763754221482
1043.6396261052098
1043.686942589926
1043.7398954214675
1043.7803466612756
1043.8259472622428
1043.8911708798141
1043.9497609008815
1044.001995737622
1044.0512848555284
1044.0944504112742
1044.1763516382014
1044.20970576136
1044.2268700407183
1044.2251536123272
1044.22638281178
1044.2163167125846
1044.2077345620016
1044.1824753307162
1044.1728963246228
1044.15693870659
1044.1466174924637
1044.1301951650926
1044.117460680736
1044.1285013751688
1044.1451785327868
1044.1799944315105
1044.236869379086
1044.3150839775044
1044.402942544201
1044.5103576815286
1044.6381573622334
1044.7718056340816
1044.9204143499162
1045.0809998171937
1045.2494476197544
1045.4176621649528
1045.5929963296192
1045.7719827898134
1045.8911457840322
1045.9178697337256
1045.8661384229777
1045.8588173551807
1045.868392471603
1045.8767226993764
1045.8580769956413
1045.836738600899
1045.8335579251798
1045.8499825546905
1045.8821080280381
1045.9311626201356
1045.9988464797477
1046.0650500574538
1046.1386081905264
1046.2146232645073
1046.2028440775075
1046.1952379396912
1046.1792855551507
1046.1530493993946
1046.1544985170742
1046.2020579305972
1046.2812556313488
1046.2975338765307
1046.4068109168104
1046.5291123802294
1046.699982119405
1046.8365385985692
1047.006201135872
1047.2261491148597
1047.4296738608887
1047.5461536005987
1047.50520470207
1047.4078468276798
1047.248441290548
1047.064026296479
1046.8482250525376
1046.5988335216794
1046.3035858720054
1046.0193806310135
1045.7310051930458
1045.3778936927765
1045.0017503263143
1044.6434984911848
1044.3070769803878
1043.973117965442
1043.6521520006124
1043.4138312376276
1043.2468571428915
1043.0475300324283
1042.8427993292416
1042.6513143859183
1042.4659526583268
1042.256563977581
1042.0403116743391
1041.852235108389
1041.7109840323753
1041.589387616118
1041.4915608477727
1041.3930217458237
1041.3331799533846
1041.2740828447727
1041.2292013766496
1041.1985354757483
1041.2007374023924
1041.236325495848
1041.2608386072634
1041.276025725872
1041.3064001095345
1041.2985636298442
1041.2985636298442
1041.3098326190334
1041.3490475170197
1041.4284813667812
1041.5358617072536
1041.5822011223943
1041.6371220061837
1041.63747416392
1041.6463139789596
1041.657324853022
1041.6683357740255
1041.6793777861103
1041.6946276534227
1041.7216942628122
1041.7577353256966
1041.7925461825844
1041.858963475971
1041.9359369475917
1042.0330199590132
1042.1433475251697
1042.2720974048293
1042.3979858798268
1042.5372605646442
1042.6816843178958
1042.8407848499464
1043.0145908483266
1043.178895572764
1043.338768603282
1043.5020746758262
1043.6666105433042
1043.8252554272162
1043.9360753305016
1044.0633399348337
1044.1962410080137
1044.3330191916875
1044.4784028466943
1044.6434099892804
1044.8152643324484
1044.9619016448687
1045.1087546919546
1045.2644452069853
1045.4145002012299
1045.5731391224738
1045.7192761966905
1045.87302096782
1046.0358376050672
1046.2020886956927
1046.3931127201568
1046.5995871964935
1046.7347070145013
1046.85241077267
1046.9924308066395
1047.1304969162245
1047.2707687907077
1047.3592930260193
1047.3748764908485
1047.4567489633173
1047.547455734498
1047.5535727980323
1047.5775944761651
1047.655080512044
1047.735261724244
1047.6297998081916
1047.5270425143792
1047.4083468743502
1047.343604888086
1047.2043103507076
1046.984863083327
1046.7717586996969
1046.6219163479277
1046.4235221748595
1046.1820400944762
1045.9243128684388
1045.6795784944243
1045.4476010336534
1045.2134205231241
1044.976042551154
1044.739406538757
1044.5204232106275
1044.3987895131813
1044.2281214744582
1044.0729245764148
1043.9579254458836
1043.8870426121796
1043.835389478532
1043.8363400304625
1043.8414656632617
1043.9598738230875
1044.0297364693238
1044.0959346090908
1044.1812461059753
1044.278108271422
1044.378403441454
1044.4056119846275
1044.4154016935283
1044.4610040690548
1044.5468268173152
1044.6897806005813
1044.827585798811
1044.902936747798
1045.010800769305
1045.124575947742
1045.1935263366097
1045.1238921944523
1045.087358774611
1045.0648105823375
1044.9728436530863
1044.800457140868
1044.4816869644617
1044.1158348160548
1043.7279285468328
1043.5893883565607
1043.5109218172865
1043.4618896228476
1043.4327611882916
1043.4369863474271
1043.519164420875
1043.3416642336974
1043.1531252048658
1043.1082707383925
1043.1381908960266
1043.1296093647998
1043.137652561325
1043.1638582616533
1043.2040510298489
1043.2528257375063
1043.2751127192037
1043.3332125537122
1043.4077085034533
1043.4309949375324
1043.424129456357
1043.3914681842173
1043.2904070284098
1043.0971732047944
1042.964499255411
1042.8745046583153
1042.7845101591472
1042.6680545609463
1042.5204482342426
1042.447389069333
1042.4130622439202
1042.3314218551866
1042.2301583400547
1042.1828451697513
1042.1382207983063
1042.0653913391036
1041.910178889365
1041.7905233699507
1041.7552253837673
1041.7939867284313
1041.8503663621664
1041.8010795553614
1041.763062512117
1041.8466754654673
1041.9430469553722
1041.9972247799499
1041.975884837568
1041.892757563805
1041.8915272792672
1041.9572333044193
1041.9741685222716
1041.8993949946823
1041.7912677195918
1041.7130623217506
1041.69615786804
1041.6076552908896
1041.442892301062
1041.3051047911658
1041.1933211933356
1041.0790771974666
1040.9452100908688
1040.8039931924095
1040.6654641495
1040.516898556649
1040.3646411554564
1040.2393583906953
1040.199625150586
1040.1817535781258
1040.1550403988883
1040.1719415713299
1040.2150709436419
1040.2486491360623
1040.2656225726937
1040.2781211477434
1040.2937915819757
1040.3111782845078
1040.3288255744023
1040.3285650587898
1040.344792414263
1040.339868552534
1040.3212866026743
1040.3208371405444
1040.382844895026
1040.445894273138
1040.5118552438817
1040.5378583565798
1040.572182275026
1040.6395994291931
1040.6658278769528
1040.681013764711
1040.7084730991971
1040.7089585303934
1040.7239189862235
1040.7374230936052
1040.7842462041895
1040.8842721414771
1040.934595230061
1040.9265333151334
1040.9554827539187
1040.9868933395242
1041.0084921740913
1041.0268183412018
1041.0569319929732
1041.1017800098703
1041.146369004039
1041.1929337980043
1041.2461372436205
1041.3394947172953
1041.4432150002885
1041.5663002484378
1041.6987116713124
1041.8557735464076
1042.0291205965775
1042.2225490982194
1042.424332888757
1042.6378758407818
1042.86003037853
1043.0821598534828
1043.29522334045
1043.49775973325
1043.7015270104125
1043.8878758352434
1044.0617239180674
1044.2559160017852
1044.4363999683037
1044.615401223181
1044.812056245993
1045.0168079213697
1045.2056248021252
1045.3400016659657
1045.4530581087633
1045.5491842100032
1045.568066160018
1045.561687897771
1045.561687897771
1045.5467269193211
1045.5457511294976
1045.488129627809
1045.4172639456751
1045.379753403344
1045.4231544000017
1045.4552806131765
1045.3976595455592
1045.27627431057
1045.1769698050955
1045.0703122689015
1044.8959711287698
1044.6740575314436
1044.5882339408727
1044.5919000484507
1044.6316121925781
1044.6166513100395
1044.5391555433282
1044.449898897376
1044.4508735675574
1044.4810283248069
1044.5143831410542
1044.6330744796944
1044.8052106297916
1044.868233363457
1044.8510684172056
1044.791732654075
1044.7041918505229
1044.5980242921135
1044.4670851418043
1044.3491364862418
1044.2517856485872
1044.1760068435462
1044.0948464871062
1044.0021584501396
1043.8920510563723
1043.7576821832054
1043.6787265243727
1043.594877543953
1043.4730620448242
1043.3593184868107
1043.2634828641771
1043.19539219543
1043.228310266494
1043.3092595547134
1043.3680515588153
1043.3282942400356
1043.1429024416504
1043.0661271499941
1043.1075499288227
1043.2362514592974
1043.3583196224677
1043.4652227804645
1043.5385410419278
1043.538309944879
1043.5169705262037
1043.5307017039204
1043.5792968079209
1043.7031566650526
1043.8343683566761
1043.9462120732524
1043.9915803113388
1043.994781000128
1043.9849698100863
1043.958249854935
1043.9351483588568
1043.9177059843146
1043.9117678420203
1043.906803605894
1043.9148518258432
1043.935657554499
1043.9709374578335
1044.0084444708773
1044.0601705355862
1044.12980383168
1044.195330044839
1044.3009870795759
1044.4142750626938
1044.5283693101276
1044.6176017846874
1044.7761729753806
1044.9364850974423
1045.092646108954
1045.2686672285765
1045.4076873564677
1045.5099208080019
1045.6982363299
1045.8701288448738
1046.0295187783927
1046.2151473106956
1046.3583506451387
1046.3818799286764
1046.4206223162216
1046.3723051123668
1046.359060406443
1046.3723051123668
1046.3936446236255
1046.2609764844583
1046.0685603333334
1045.97682543966
1045.9159883840011
1045.8411826345346
1045.808567655426
1045.818126597305
1045.8176215976728
1045.7796042062253
1045.7536200568109
1045.7349903105155
1045.6928165888457
1045.6937925168097
1045.6977136298285
1045.6957443729723
1045.718059883025
1045.7668646958832
1045.7016347467866
1045.5873651527222
1045.408101783269
1045.2131558949786
1045.0285108893813
1044.8468129266478
1044.615316876584
1044.3568670848556
1044.0849433448325
1043.8159693753814
1043.5430549488483
1043.2713727707453
1043.018573814286
1042.7873469068504
1042.5718262684231
1042.3460673154707
1042.122575222874
1041.9017489708144
1041.6745495080222
1041.474298012691
1041.3060759159664
1041.1265849839483
1040.9694050140758
1040.8090184148934
1040.6563105990513
1040.5371827715162
1040.486928136599
1040.4908458222017
1040.4722280632136
1040.4636471729978
1040.5052857476987
1040.6241536174812
1040.7692515764568
1040.9545700317894
1041.223275136105
1041.5348900061676
1041.8109527160732
1042.1117912174261
1042.472447302313
1042.780213677269
1043.0508838062522
1043.2835414953806
1043.4443450725794
1043.5316259777612
1043.5855528266038
1043.637507931923
1043.627440581392
1043.6131976910222
1043.6386885459958
1043.6396623769506
1043.6166060131918
1043.8733310290665
1044.0361399351982
1044.1889062323767
1044.503256642014
1044.6930681968313
1044.8840888263
1045.2077719401134
1045.3956164900012
1045.542246551667
1045.600609777442
1045.3394395285782
1045.0709170314992
1044.788918295194
1044.5770450334762
1044.41740985761
1044.3345305837622
1044.2759149663195
1044.4078308590076
1044.581198506088
1044.7710115319248
1044.9654669116833
1045.2276103346885
1045.5635682408217
1045.8997820679358
1046.1756654594005
1046.31814369636
1046.4966716274105
1046.626646596073
1046.6298285516516
1046.6366950705685
1046.7480251015177
1046.8775128217
1046.8954187641868
1046.8949301850616
1046.9459409285125
1047.0825335965349
1047.1649331698763
1047.2480601035518
1047.3557216596703
1047.4442499257843
1047.4768668975341
1047.337327046675
1047.0766443188002
1046.9174842725074
1046.8630401442967
1046.787758896175
1046.649702472461
1046.2436049537214
1045.953753145741
1045.8493111258974
1045.7777034316016
1045.6695601526944
1045.4015254355963
1045.183778629483
1045.0234006770413
1044.797816325575
1044.5585029467186
1044.303999199621
1044.1036836983228
1043.9465133879974
1043.8592306651296
1043.7920584981796
1043.6342456146851
1043.602169941715
1043.6828877149405
1043.7694722439298
1043.879830117304
1044.1206319124917
1044.4317419448096
1044.579798781059
1044.6893757175496
1044.8661497923558
1045.1515329014717
1045.1699075510512
1045.1755447457094
1045.1499493736367
1045.142089228488
1045.0163010007832
1044.9248026789414
1044.8492390193187
1044.7124104298557
1044.5500688951545
1044.3972842679964
1044.3391362009695
1044.3444743880593
1044.346146922482
1044.3588821875703
1044.3630350964374
1044.337775145465
1044.306136523796
1044.3100567453057
1044.3306545442597
1044.3343201068117
1044.3426478772315
1044.3632457706253
1044.3649622623989
1044.3416733307213
1044.3073435759104
1044.2928696949932
1044.3053723644578
1044.3075761085236
1044.3031464057444
1044.3100123830784
1044.3134453723521
1044.3006325137756
1044.3368666407387
1044.4062235347708
1044.3718721179816
1044.229382172972
1044.1288295030733
1044.002784739031
1043.8674155402973
1043.779388926382
1043.73401846792
1043.7303299656105
1043.7531309395454
1043.8132072212225
1043.8718225340488
1043.9431719353927
1044.027279271512
1044.1091832146826
1044.1812755773667
1044.2837777346501
1044.4046743232734
1044.5088935051626
1044.59717698367
1044.6633791717654
1044.6700119683499
1044.6555592337882
1044.6683163841287
1044.7198115166361
1044.7001883680214
1044.6293242658076
1044.5128568073421
1044.408638290225
1044.2806440596114
1044.0893735046168
1043.9564634676835
1043.9231318649172
1043.9287682960762
1043.97880077393
1044.081556274297
1044.2264812880003
1044.3689483696219
1044.4719585975627
1044.557549401524
1044.7250849171826
1044.8530992345168
1044.996561767025
1045.1422284634534
1045.2876421311253
1045.3344752192043
1045.2726814807843
1045.1621042105976
1045.0213531784698
1044.8300840414092
1044.6081738233506
1044.3310850812813
1043.99002694231
1043.6651405920693
1043.321500055218
1043.0591924889254
1042.8345936447301
1042.6424670145707
1042.428935080023
1042.235028125322
1042.1439802066761
1042.172869585187
1042.1211241501355
1042.0465515580127
1041.952385453436
1041.8697470337263
1041.8079313834573
1041.768912779988
1041.724455785455
1041.6976777745638
1041.6736186832368
1041.6809386284183
1041.6863149112535
1041.6681800966146
1041.6488149382346
1041.6274749060913
1041.561511202927
1041.5095366370892
1041.4783846172859
1041.4653989743542
1041.472005272747
1041.4948028738386
1041.5119657998575
1041.5631959168304
1041.594089309386
1041.6178588805872
1041.6291284905276
1041.654128601905
1041.690915601257
1041.740202699063
1041.7853128290908
1041.8176644933121
1041.8882614799866
1041.9870644857633
1042.1484004745628
1042.2972366466784
1042.4345452088148
1042.5274861724245
1042.6042362658693
1042.6532674274576
1042.6897976992868
1042.7309907347553
1042.7318443157908
1042.7298434779505
1042.7553044904598
1042.7731842093092
1042.7824821110164
1042.7930099515804
1042.7773055347807
1042.750329826989
1042.6924592053513
1042.698581223009
1042.7105959214002
1042.7096230411082
1042.712082925745
1042.684620818266
1042.5848417601155
1042.5125252420482
1042.6621064063977
1042.9249420596477
1043.3618817101328
1043.734346486772
1044.030062525043
1044.2355508454023
1044.3392810318237
1044.4423128219073
1044.4847156968774
1044.4768535905077
1044.5074958188127
1044.5690349436659
1044.6097643516418
1044.4575065764052
1044.2642880798855
1044.1373384366116
1044.1001322116294
1044.0913405773501
1044.13427316826
1044.2458614133454
1044.3684678421093
1044.500355864516
1044.6042953237031
1044.6741611442078
1044.7680578937768
1044.8852646503904
1044.9000311363973
1044.920394603359
1044.8985683993014
1044.880916383439
1044.8757670543505
1044.8325821239685
1044.731545337934
1044.6317374995826
1044.5356168530645
1044.433605471688
1044.3732758659012
1044.2933015313781
1044.2160619482852
1044.170692693401
1044.1297306324395
1044.0681483909616
1044.0136864366984
1043.9148518258432
1043.8420190176448
1043.7848657025706
1043.702963659431
1043.665202095935
1043.6026679194863
1043.5411322716602
1043.4901263957167
1043.462663636259
1043.478111435268
1043.488409972492
1043.4737049232315
1043.4798278578858
1043.4888968131024
1043.5026282087604
1043.5104676113824
1043.5241990308077
1043.5102117354688
1043.499426314839
1043.522713601397
1043.5913709281062
1043.6678680351488
1043.7590710290817
1043.8392572814364
1043.9275389024294
1044.0300394216629
1044.1587517310807
1044.2588170932256
1044.3443864183207
1044.4581619600915
1044.6114175799232
1044.8784517163667
1045.0351430407363
1045.1231738556505
1045.1570168982946
1045.1825115321535
1045.1552811046224
1045.0890772478194
1045.0076785798526
1044.9174441239084
1044.830155627985
1044.7791477730054
1044.7423595101814
1044.7028797916967
1044.673953337749
1044.6692912678084
1044.677619623456
1044.7011632834112
1044.737209978649
1044.7921383619248
1044.856858132762
1044.9569041954142
1045.1942930223506
1045.405681073039
1045.568753594007
1045.6173051749504
1045.4397590108315
1045.2570639441483
1045.0562486224887
1044.8818847556322
1044.6818359569907
1044.615930678944
1044.5343242335218
1044.4902264915254
1044.445874907181
1044.4642896793657
1044.5356591023894
1044.6016040375873
1044.6472062398504
1044.7075150999349
1044.804844879969
1044.8671249089305
1044.8820655200316
1044.863418149225
1044.9261862522394
1045.081917422671
1045.1957116808871
1045.2900995658094
1045.3351976991062
1045.3844883877885
1045.3606921146572
1045.125297904757
1044.898976437446
1044.6532889625607
1044.3872401380056
1044.1052361179804
1043.8602754638123
1043.6871498610142
1043.5650050774218
1043.4548994138386
1043.3634181587688
1043.296965328902
1043.2483937454585
1043.1505590794573
1043.0674554940533
1042.9490251270352
1042.7607379856067
1042.5542888527023
1042.3485851977296
1042.1558701744723
1041.9584937495797
1041.728508993983
1041.5009551947776
1041.3004092644132
1041.145200056046
1040.9826407677338
1040.839706240024
1040.7163965766665
1040.580814044804
1040.4356804639367
1040.3189777151372
1040.2417482120507
1040.1833971677722
1040.139746124438
1040.0982963723666
1040.0892302441302
1040.102213894141
1040.109302971365
1040.1404190685985
1040.2374976158942
1040.37236947279
1040.5326893390832
1040.740840513297
1040.9041107965
1041.0727909343645
1041.217444202592
1041.3809775867642
1041.6303275232792
1041.9652381925994
1042.2888834331952
1042.472276682087
1042.590706400767
1042.8513670913978
1043.0271824023303
1043.1279633361319
1043.1613180477443
1043.077470964384
1042.9627294137094
1042.8317979089745
1042.7589667362827
1042.698893699804
1042.6765808892396
1042.6907982812575
1042.6966908919655
1042.7065026696735
1042.7369108779137
1042.7891454377666
1042.834055153608
1042.9238197120794
1043.0204759225808
1043.1195383550169
1043.2184219822552
1043.3418195396446
1043.4539187759808
1043.5939652684863
1043.7315520066886
1043.869810420769
1043.9749725197503
1044.0700924121613
1044.173307809831
1044.2809532343006
1044.3692312462315
1044.4151295322695
1044.4200457125794
1044.385972445697
1044.3872014988792
1044.412438467753
1044.4264025494788
1044.3599507247372
1044.2741315018075
1044.2321964741998
1044.1890322634242
1044.0404268348602
1043.784919524866
1043.6480975907505
1043.620197326616
1043.655218540226
1043.7125768484204
1043.7588949422238
1043.809620211373
1043.8569131965564
1043.879945189536
1043.900031557471
1043.9036962172786
1043.870342158914
1043.7538820689888
1043.609218007147
1043.4162653165874
1043.197056992145
1042.9533346346896
1042.7088983761175
1042.4627207344338
1042.2138559791792
1041.9738328361082
1041.7551211642922
1041.5398432245063
1041.3209072202285
1041.106862662711
1040.9379268798082
1040.7756309807926
1040.6248643572553
1040.4765607187112
1040.3270276166818
1040.1870470403423
1040.0404269774826
1039.9195497135095
1039.799418927651
1039.6773110628017
1039.5588972366484
1039.453728160878
1039.3713539475734
1039.3034556439586
1039.268163846204
1039.2466010725393
1039.2326495568586
1039.244177646598
1039.3152849190874
1039.373894666195
1039.4579843525219
1039.5722181028755
1039.7095085830622
1039.858290419768
1039.968348218696
1040.0212882699134
1040.1185882425027
1040.2144335691864
1040.2656944878981
1040.310800510635
1040.3362828525708
1040.359078591158
1040.3504976280549
1040.3411709587963
1040.3357618998311
1040.3293823522704
1040.3237485320694
1040.3325542551688
1040.3480000498935
1040.3644519891184
1040.3843362312648
1040.4232880145341
1040.4830596066688
1040.5456238791205
1040.609678576076
1040.6931304767393
1040.7907617984808
1040.8897816010378
1040.9618619979801
1041.0390911926743
1041.1288197247723
1041.2258991993228
1041.3269617313929
1041.4429518484963
1041.5574528972224
1041.683740371724
1041.8154042533058
1041.9367411472715
1042.0791900464856
1042.2353697607505
1042.3660350863952
1042.4769340402977
1042.5815987570402
1042.6559676630757
1042.7258753518665
1042.8436080536637
1042.9833160153728
1043.1156226399607
1043.241886851218
1043.335541682329
1043.4159282940075
1043.4431338813117
1043.4445943977366
1043.3705106613195
1043.3295490938413
1043.3459698102372
1043.4148548866985
1043.5136612719723
1043.601196113776
1043.6911900522118
1043.7615615380091
1043.796863181933
1043.8181785262889
1043.8711548202257
1043.9231336075086
1043.9765738526432
1043.9743703496115
1043.8841436603477
1043.7760112124124
1043.6070634368111
1043.4079644291762
1043.204691142127
1042.9989858450729
1042.7822413213316
1042.5731074139865
1042.3539353130693
1042.1629411858896
1041.998178644549
1041.858188927641
1041.7245792105741
1041.588023904379
1041.4627385443998
1041.3244686342464
1041.200155908301
1041.0849101596555
1040.9669771745698
1040.858596585395
1040.7329311556623
1040.6011840973995
1040.52142643073
1040.449538031059
1040.3933547745933
1040.3599665665126
1040.3575047454322
1040.3660500694375
1040.3834367225818
1040.3907867139276
1040.3864192748322
1040.3760867399008
1040.367245446619
1040.3515393957966
1040.339040878719
1040.3150143596001
1040.2947165143828
1040.2589016260586
1040.2213704603344
1040.1929413809419
1040.164512383736
1040.1370537525052
1040.1279877980433
1040.1113113092404
1040.1076182017139
1040.0895228178733
1040.0765029757913
1040.066951967454
1040.0696748922667
1040.0662791279449
1040.0672858674538
1040.0810150109714
1040.0942590361371
1040.1195160586574
1040.1567860919424
1040.2039398283785
1040.2653069860175
1040.3369345296915
1040.4408376033398
1040.5520919019355
1040.6896099251778
1040.847011840404
1041.0093036011592
1041.182379436765
1041.3610912116717
1041.524131563882
1041.6825100831566
1041.828192458743
1041.914718074628
1041.965173288084
1041.9938634712155
1042.035311438248
1042.1002712782247
1042.1804493261989
1042.256451182872
1042.3896619173568
1042.5475581725996
1042.6941300089272
1042.8176490196884
1042.9554139133224
1043.0819092044962
1043.2135548191955
1043.3287810142983
1043.3863944511331
1043.3336740563275
1043.3496080813882
1043.3956939339616
1043.466065054333
1043.5518837238963
1043.6374713007701
1043.6985185021717
1043.7659445073018
1043.8039604002006
1043.8287321622097
1043.833394291473
1043.836084745042
1043.8299615185592
1043.8321649366785
1043.8204055352203
1043.7745502042562
1043.694367312046
1043.6330646861984
1043.5813177988682
1043.5013909266888
1043.3959498774273
1043.2539787335431
1043.0975604203259
1042.916858289241
1042.7403334737894
1042.571161863404
1042.4181819160071
1042.2926350603311
1042.1720087775261
1042.046462490123
1041.9268093448409
1041.811561098519
1041.6882175805522
1041.5367009234092
1041.382238493503
1041.2527756115721
1041.0914496167761
1040.953146939205
1040.8266320324587
1040.6979159123737
1040.5660280827612
1040.4397751041067
1040.3306847514477
1040.2804302577222
1040.2443905054724
1040.2090966189548
1040.1836147005681
1040.1740635320648
1040.1892483778568
1040.1939117211043
1040.1909645488752
1040.211558608984
1040.2804661129037
1040.3321761569482
1040.3692575474963
1040.4021251732481
1040.415214886029
1040.419463235155
1040.3957328017154
1040.3709967052664
1040.3389109949487
1040.3104825910189
1040.2648931388237
1040.2329969363482
1040.2111367646387
1040.1990520098368
1040.1870030574348
1040.1837953389304
1040.1903992863329
1040.212484546594
1040.2441208328053
1040.2980312645595
1040.347349851398
1040.4100664177631
1040.4706172563108
1040.5222415687088
1040.5669467875255
1040.6720454152191
1040.780160182953
1040.897082038689
1041.017696365386
1041.168327118149
1041.3267323769028
1041.5100416612704
1041.6857458452068
1041.8599961371642
1042.0580496280277
1042.245351816294
1042.4463863041526
1042.6344359540121
1042.8492050754048
1043.04140774847
1043.214246344024
1043.3642873562933
1043.5241659637657
1043.6793827707618
1043.8269921930537
1043.973141054357
1044.051608373919
1044.05872894607
1044.086910772379
1044.106510692463
1044.1153250349407
1044.1136086190718
1044.126852769257
1044.1854657514782
1044.2693376938362
1044.3627662426431
1044.4888070127208
1044.6212263753537
1044.7404019369753
1044.8223035524552
1044.8968519542805
1044.945887658584
1044.9841371954715
1044.9588780258505
1044.9078720932275
1044.8379852801925
1044.7261829434924
1044.5886350832156
1044.4498379594147
1044.3014843181745
1044.1261558316976
1043.9184715055403
1043.6997479218232
1043.4552799933174
1043.231666105433
1042.9857417265325
1042.760158689929
1042.5360641151224
1042.3389462297318
1042.150153913427
1041.9746369345203
1041.812821899647
1041.649550171104
1041.4722913701278
1041.3486904891272
1041.2278094553571
1041.0752916820268
1040.9032852341268
1040.757374864385
1040.645788009389
1040.5518480562362
1040.4849165989
1040.4346618603145
1040.3626177187634
1040.3168019546363
1040.2709865179436
1040.2364387153077
1040.2293494762423
1040.2411378778588
1040.2943741960141
1040.3576467207736
1040.4441996413232
1040.5641396658616
1040.704152934676
1040.784846007625
1040.7934605976868
1040.8103961711051
1040.8305043600078
1040.8219236531681
1040.715782865923
1040.5546575847868
1040.4793381102604
1040.4658341680179
1040.4844515619
1040.5160527414964
1040.542765712282
1040.5726857279246
1040.5866749591469
1040.61394245652
1040.6421804566824
1040.6522174045258
1040.6766602484663
1040.702593948757
1040.7579626903475
1040.8334406775323
1040.9302588184532
1041.005997695823
1041.0596856791808
1041.088861226661
1041.1168062380737
1041.129564631711
1041.10553768645
1041.158740234748
1041.247497723727
1041.3166322406237
1041.3966095582155
1041.528206646693
1041.6789426309588
1041.8585985546117
1042.0365712136415
1042.2204386126118
1042.3758749413566
1042.5138924141152
1042.5884083726457
1042.6550868114707
1042.7514292634962
1042.8960859362628
1043.0544740767132
1043.2501359220828
1043.4426222210675
1043.6360830886879
1043.8146083014553
1043.9796345138395
1044.1375632508248
1044.2920371569298
1044.4386502914545
1044.57816597248
1044.716707474677
1044.8611400363923
1045.0169045706834
1045.1836310529952
1045.33809111908
1045.4851993637747
1045.5781230416217
1045.5411016162177
1045.4287915859923
1045.2681867036454
1045.1367433888602
1044.9959961034629
1044.8272992756738
1044.6338324342737
1044.4090911688907
1044.2048668445336
1043.972628562674
1043.7362377465458
1043.5371192713556
1043.3647442348506
1043.2107625823307
1043.0633904449187
1042.905720657288
1042.7642410549665
1042.6003037633545
1042.4573678077338
1042.3068812349352
1042.1637192927315
1042.0110350354503
1041.865218328081
1041.7382516322896
1041.6362536055499
1041.5433224146875
1041.4341697895682
1041.3077555150644
1041.1692989565279
1041.0448000191268
1040.9371711351064
1040.8452134354518
1040.7763099464967
1040.7331139778105
1040.6781987147583
1040.6587678301635
1040.6337028529797
1040.6174780827976
1040.6010276868517
1040.5919271267892
1040.5924125168738
1040.5906618268534
1040.562752871721
1040.5451061925148
1040.5338386928295
1040.5198496085366
1040.5112689634843
1040.5080619624373
1040.5212708654308
1040.5310475487722
1040.55358274162
1040.5601872924208
1040.5707095415955
1040.598393426054
1040.6412629841625
1040.6890558673579
1040.7351327873687
1040.7932232076816
1040.863101372227
1040.9376426538029
1041.0258803486538
1041.1352317449553
1041.2255758556137
1041.3613820596477
1041.4930124787718
1041.6197540803823
1041.7415755468612
1041.863914656529
1041.9989824161496
1042.122523853137
1042.2071074718356
1042.2752723990507
1042.3640328266686
1042.4586859260046
1042.562636143252
1042.680803811838
1042.8006886213007
1042.8943428690466
1042.9860776209478
1043.0743530803559
1043.1584530353407
1043.2057673623756
1043.2937872160646
1043.3933600213622
1043.5223414017244
1043.6076717833155
1043.6907990110644
1043.8374080523242
1043.985989949977
1044.140209247349
1044.2909970202218
1044.444498492863
1044.5749455434782
1044.6575874925625
1044.794433584046
1044.973682571886
1045.1276735146478
1045.2811773361996
1045.4077063566656
1045.485452147529
1045.459235336241
1045.3802972884698
1045.2675010699995
1045.1252728239808
1044.9406415827384
1044.7187793131654
1044.4777457231742
1044.232793689027
1043.961911964207
1043.7059257771693
1043.4663860258506
1043.2285649947726
1042.9799883842618
1042.7292135865466
1042.494862232997
1042.2715556073476
1042.0430752732761
1041.8388517914007
1041.6291181762344
1041.4367485996281
1041.2485602640386
1041.0782169840209
1040.904670249493
1040.7382488459962
