CHIP_ID(id=88)
963.5145349849513
1041.6861496428285
1041.7329739614577
1041.791917915741
1041.8343568860232
1041.8382309116764
1041.8249406850452
1041.7900736399693
1041.60432403687
1041.2993700944417
1040.9157679526595
1040.7456935888986
1040.5633530328817
1040.2656894296604
1040.0629595764813
1040.3360376906019
1040.6706030887317
1041.0592361775648
1041.130509540794
1041.2331990522719
1041.3656893182629
1041.831907949413
1042.079785895994
1042.355911376032
1042.6932608226768
1043.075640016159
1043.4405457805576
1043.7660848415715
1044.0744583742926
1044.1984089522182
1044.2365468497048
1044.3627053901348
1044.2933576977457
1044.1507341446172
1044.085801788405
1044.204809281858
1044.4617642796773
1044.73103792698
1044.9189140423796
1044.9961626298818
1045.0283867410565
1045.0372575744022
1045.0524891211849
1045.077787543142
1045.1240082106679
1045.2091162217607
1045.2966947815135
1045.3697132292348
1045.4388024887257
1045.4995461665137
1045.5723415213913
1045.6380259675343
1045.6781476172116
1045.697310371436
1045.7277763060586
1045.7646794346233
1045.7324175646988
1045.730920647963
1045.768273583596
1045.8024451945125
1045.833435316288
1045.849155341374
1045.8575020378971
1045.8370667799843
1045.7844060514171
1045.7411020688442
1045.7034496516492
1045.7029630736556
1045.6958143690767
1045.688927620023
1045.6886656408205
1045.6849602725347
1045.6812548894893
1045.6642999767478
1045.6625782860935
1045.65962145862
1045.672384402376
1045.6935313345477
1045.7104863562763
1045.7134431811912
1045.7065563769643
1045.6694275671537
1045.6194983981359
1045.5602121720149
1045.4999530071818
1045.4367370346988
1045.3949301892544
1045.3634535211431
1045.3438047694538
1045.3398750309307
1045.3120657262086
1045.261650869264
1045.1907997444455
1045.1162423972212
1045.040489043595
1044.98835293436
1044.9170156067473
1044.8692953571124
1044.8444427888799
1044.8353483773221
1044.8267401020157
1044.845151796611
1044.8616190313742
1044.8852361795568
1044.9090763167237
1044.9329165397767
1044.9606863904316
1044.9764045966738
1044.9712395526208
1044.97296123387
1044.9648390189268
1044.9368059490027
1044.9173813178195
1044.9048434197807
1044.8954856783866
1044.8923055390471
1044.889125405226
1044.9061191434473
1044.9282778167183
1044.956613777829
1044.9928085199595
1045.0188963670998
1045.0395165741984
1045.0466265134544
1045.0682590200959
1045.0908641007443
1045.097001647648
1045.1156772301867
1045.1410161641452
1045.1695356683074
1045.1968198776306
1045.2287829413483
1045.2590244056657
1045.2932345976494
1045.3323472129734
1045.377860227653
1045.434676275117
1045.5074742381048
1045.5957678520688
1045.710636164746
1045.7981820060513
1045.8539887519144
1045.8999888986734
1045.9378670798196
1045.974248653792
1046.0162823785722
1046.0880729812454
1046.1869256535936
1046.2744747604945
1046.3888601596548
1046.5566212009319
1046.697287090916
1046.7641769780137
1046.7988398510945
1046.8160580033002
1046.764630169732
1046.7181411723768
1046.688383297608
1046.6423814837785
1046.5963796966842
1046.5796486382194
1046.5789008425436
1046.5606741230683
1046.5353339411333
1046.5055762011473
1046.4566176824474
1046.410615841904
1046.3597097443258
1046.325012574476
1046.2684544521887
1046.2079303307798
1046.1233010565165
1046.0138549459687
1045.9149649948
1045.82764099285
1045.7617270243013
1045.7123198886627
1045.6562504765313
1045.6409790074858
1045.629637521538
1045.6461064487203
1045.6680028797425
1045.69012372986
1045.7218266567363
1045.750610295117
1045.800055279561
1045.8404047676586
1045.8649963367816
1045.8753270334644
1045.8684399019355
1045.876075530819
1045.8423884496992
1045.8136048540587
1045.7525941112392
1045.6999301215646
1045.635700034327
1045.576186685726
1045.5134924374202
1045.4554389384634
1045.418571679625
1045.3885528884043
1045.373767264733
1045.370061135588
1045.3744774251538
1045.3997787223875
1045.395848790151
1045.414525685876
1045.3886991172728
1045.312192248222
1045.1646068803018
1045.1533037857257
1045.1506094924725
1045.1653956697264
1044.8328766955551
1044.6265336403924
1044.6562888177193
1044.5726745675452
1044.4536548345668
1044.3142399324531
1044.1927506111106
1044.1177471065173
1044.251066099729
1044.1138611290987
1044.2724762535408
1044.4225264620163
1044.3356924922891
1044.3919799222856
1044.387036706025
1044.3791359540933
1044.2794994525013
1043.855524695939
1043.495699913713
1043.2642501898051
1042.9484428291526
1042.8264275055171
1042.7189365707054
1042.6407129817255
1042.7456827701903
1042.743913208036
1042.6241035597186
1042.348379549315
1042.1880038438944
1042.2984036482678
1042.7971877706266
1043.2246408559972
1043.407356984686
1043.503285358235
1043.4757385409937
1043.2224339185618
1043.0148654760048
1042.8193025784358
1042.5543900288094
1042.4043421468214
1042.5120524271024
1042.7324212738195
1043.0346798654855
1043.2705479245478
1043.5158678750863
1043.6440226099853
1043.7035307859417
1043.707945208179
1043.7531500800756
1043.8623233851324
1043.9665972259659
1044.0834094118932
1044.2363788137338
1044.3659950585675
1044.4719934056964
1044.5925162354604
1044.7285354565597
1044.8569186578663
1044.9649045594758
1045.076071199211
1045.1884740019639
1045.2767720974452
1045.3625996584074
1045.4115594283003
1045.4597701980942
1045.4937200789345
1045.485859959382
1045.4980668117519
1045.5152462782507
1045.5348965449157
1045.5493814855001
1045.5550333762521
1045.5334371729718
1045.5194003227557
1045.4883693263766
1045.4199447199812
1045.3776095854103
1045.3148753417327
1045.2568202175905
1045.2024717137456
1045.136557095109
1045.0785022965597
1045.053910986172
1045.0430940371311
1045.0362068779277
1045.045302029975
1045.0750587091686
1045.1011087498027
1045.1318380748298
1045.1931134638853
1045.222200284313
1045.2338060178656
1045.2549931772896
1045.2616568247538
1045.2614333260226
1045.2609470059488
1045.2651396931685
1045.287220772892
1045.3189228780182
1045.3528723712773
1045.3978627731806
1045.440197538225
1045.469730632135
1045.5216854356927
1045.5834839996796
1045.6484633142206
1045.7102231128445
1045.7778218438436
1045.852083758685
1045.9536333208387
1046.0441411871743
1046.1142491468338
1046.205469892281
1046.2782738865287
1046.339512089593
1046.4260913988746
1046.5112101784848
1046.6061384982916
1046.6971022981356
1046.7679258184069
1046.8168522940498
1046.8716924095718
1046.920619489949
1046.951613800423
1046.9275071116492
1046.8999566346172
1046.8952780689665
1046.9117495219075
1046.9166548034796
1046.9112286204104
1046.9382920642854
1047.0032376346917
1047.0546349184572
1047.1050579395505
1047.133583289614
1047.1596394119572
1047.1790679767073
1047.2080808651697
1047.2376138526781
1047.2270549086281
1047.1456367941248
1047.0713669060503
1047.0093777878415
1046.9493374842
1046.9348145522008
1046.9173349109558
1046.8915061174575
1046.869121181614
1046.8595373471207
1046.8728255408969
1046.87181735812
1046.8818883578567
1046.8988470899874
1046.890464082237
1046.8388062597346
1046.7992361957886
1046.7443956056063
1046.6671358663198
1046.5979985797337
1046.5214866700815
1046.4302257798668
1046.3379914646966
1046.254367056
1046.192379186422
1046.1621336495834
1046.1982931508978
1046.1934170504637
1046.2066688626974
1046.202179373063
1046.1908023238584
1046.2126635666964
1046.231342648554
1046.2534655401462
1046.2895889862834
1046.3126857911316
1046.3202856857804
1046.3364950920995
1046.341886308374
1046.3421118263577
1046.3192761266625
1046.3005966631013
1046.2591179800165
1046.2237791205737
1046.187430998655
1046.1658315100924
1046.1449442120481
1046.1507854545978
1046.169166463365
1046.1885574536402
1046.2072364843377
1046.227150646705
1046.2482999202757
1046.265257247844
1046.2886512351256
1046.3191581297342
1046.3403074955847
1046.3702919152756
1046.3948851735033
1046.4212003638586
1046.4342273937204
1046.466195277418
1046.51366033686
1046.5439416037545
1046.5789014384436
1046.6347846253009
1046.6771185763348
1046.7319582988382
1046.7759798103682
1046.8499535328133
1046.915579204773
1046.9775350179239
1047.046152236034
1047.1191882151495
1047.2013218166542
1047.2635398008451
1047.3051269992843
1047.360197677881
1047.4221889197383
1047.4701447164975
1047.5313892084762
1047.5852584775087
1047.632499373812
1047.660538855483
1047.6913066982206
1047.727468668742
1047.7931639559806
1047.8804985020233
1047.9715059642979
1048.0435717494745
1048.1154089253102
1048.1675574566514
1048.2150278449167
1048.2315017639041
1048.224125816038
1048.2189597166912
1048.2189597166912
1048.2108373565793
1048.1916363426544
1048.1626204631475
1048.0752847748515
1047.9623779349317
1047.8831652238557
1047.8103531631973
1047.748589206158
1047.6878314622395
1047.606409925875
1047.5348331916334
1047.485642596033
1047.472354129886
1047.4421055387888
1047.3990559793485
1047.340768574648
1047.2753335939408
1047.1818600148922
1047.083968448652
1046.9850695011162
1046.8869183803597
1046.8098837132038
1046.7503289071697
1046.6858689449039
1046.5985367360806
1046.5313810308494
1046.4811836567599
1046.4302736895997
1046.3877122411618
1046.3596744791096
1046.3338455424064
1046.3225043026162
1046.3195472739997
1046.2888048183117
1046.2929248888922
1046.299028267679
