CHIP_ID(id=88)
1033.2597194394104
1034.992196660658
1036.3116990328392
1037.3084587525182
1038.0630245437408
1038.6542670094273
1039.0900716450885
1039.4350726935588
1039.7044126707185
1039.9354383057448
1040.1178861025494
1040.2936446953959
1040.4460137907608
1040.570800941106
1040.6873479851963
1040.7819088999752
1040.87330119198
1040.9578656849167
1041.0424527288444
1041.1067408787887
1041.172217176723
1041.23134995859
1041.2782601080053
1041.3205384935538
1041.3618443008424
1041.3823612350795
1041.3860014199347
1041.343156938476
1041.3157292378562
1041.2905009568465
1041.2762903982434
1041.2689318201162
1041.2623130466643
1041.2630329209358
1041.254214487369
1041.2383106706884
1041.2199539417645
1041.2133350203462
1041.1908122401198
1041.1766214663444
1041.175161867639
1041.1737022691298
1041.1808077766611
1041.171269605383
1041.1619645471274
1041.1560855146367
1041.1524060142792
1041.1421278720989
1041.128149686909
1041.1134518711742
1041.1180838995776
1041.1095187017127
1041.0757444125427
1041.0392841742369
1040.9861801317652
1040.9262240711598
1040.8535366629567
1040.7710574715225
1040.689086634751
1040.6046627218975
1040.537137385923
1040.4766961974055
1040.4123430683496
1040.3575273642682
1040.298799710938
1040.243984247768
1040.1896549123603
1040.1301866936346
1040.0964131577555
1040.0430558387382
1040.0112504420986
1039.976480576507
1039.9461329515457
1039.9165265351323
1039.8896048829356
1039.8561615734086
1039.802749407588
1039.7498495760308
1039.7147458308068
1039.6676532810097
1039.6561495861797
1039.6548725206712
1039.6457725252758
1039.6315590968181
1039.6237110712173
1039.6097276980393
1039.5964854750557
1039.567724783843
1039.5347977015701
1039.5199701633037
1039.5196637753854
1039.5183857997617
1039.510767811766
1039.501206873223
1039.4892173511298
1039.4640112269879
1039.4503089271316
1039.4417449929954
1039.4412593121197
1039.4517659830638
1039.4625284137844
1039.4698652735353
1039.4715523346829
1039.4633725922793
1039.4772535028799
1039.5218111120187
1039.5838056541884
1039.658329259928
1039.7341072799281
1039.819703836862
1039.887200382151
1039.9576378644888
1040.0263632425042
1040.0916876931606
1040.1481925258283
1040.200044821752
1040.255092466958
1040.303519582305
1040.3372706495215
1040.37053583664
1040.4091950431311
1040.444196761107
1040.4857960783365
1040.5242010581503
1040.5692267705892
1040.6255034443207
1040.672751117602
1040.7199764604934
1040.758636605205
1040.8046355080985
1040.8481811378686
1040.9010328490776
1040.9424009724557
1040.98742777943
1041.0292611504747
1041.0551903650223
1041.0838267152126
1041.1154028001351
1041.142072399197
1041.1616567203926
1041.1773282841536
1041.2008252800915
1041.226035380213
1041.242679929491
1041.243906491548
1041.2468461596516
1041.2363140363639
1041.225781881318
1041.218675921756
1041.2005511739665
1041.1792536838852
1041.1584426644833
1041.1256397562543
1041.0774187079646
1041.0189188812694
1040.9464816204832
1040.8615665127834
1040.7837583977953
1040.7064148196705
1040.6383773123116
1040.577446740981
1040.517002586048
1040.457299414343
1040.3980826485674
1040.3447462171723
1040.285761114499
1040.2214537067289
1040.1593463653035
1040.1007628029774
1040.067547676223
1040.032850929418
1039.9988713564314
1039.9646369280308
1039.9432422106634
1039.898754753745
1039.851327882623
1039.808043728929
1039.7642490159874
1039.732675147147
1039.7023283848582
1039.6337346937319
1039.5810190562095
1039.5317048774157
1039.4843346632945
1039.4391381715106
1039.410302721365
1039.3726480254475
1039.292820842029
1039.2876053042994
1039.3027857151371
1039.305542661393
1039.3093225394446
1039.303107474394
1039.2978896329519
1039.2953820745242
1039.2929541319465
1039.3199974448125
1039.3880977426468
1039.431530223479
1039.466425245496
1039.4908133410413
1039.5056918221705
1039.516914766055
1039.5229987418102
1039.5425572237216
1039.5811887925363
1039.63355107366
1039.6839447027355
1039.7573497536619
1039.8393204674942
1039.9095557242276
1039.9775921983114
1040.0463699732252
1040.110980432605
1040.178762021707
1040.249739004558
1040.3187480664365
1040.379909347421
1040.4366726645906
1040.4907509064037
1040.5455700970272
1040.604556283473
1040.6503238692164
1040.7068563868488
1040.7467664131184
1040.784222644948
1040.8187388864835
1040.8537414040813
1040.8965690393682
1040.9296044650762
1040.9665525845332
1040.9956541835556
1041.0264903778275
1041.0590397294245
1041.074690539111
1041.0854557726852
1041.1001337492319
1041.1184917451096
1041.142221943786
1041.1564343550117
1041.1750459389355
1041.198543261519
1041.2127348387146
1041.2171547332648
1041.2313463024802
1041.2352591002532
1041.2244937808368
1041.2203274475664
1041.2004893299986
1041.1845638992936
1041.1559270451414
1041.121410590762
1041.0700164783668
1041.0076033623436
1040.9241463096032
1040.8380036301369
1040.7601726266273
1040.6767160764816
1040.6062238897625
1040.5372821131741
1040.4403768117072
1040.3456523798081
1040.2643345643528
1040.1925095886838
1040.1252921793503
1040.052913942575
1039.998127130971
1039.9506539314634
1039.9382881923123
1039.9208070678994
1039.8894156611534
1039.8592505231406
1039.8322800560788
1039.793574017253
1039.7597760234132
1039.7316023863186
1039.675407460271
1039.5671102201406
1039.5659356628264
1039.5545338255645
1039.5292236253217
1039.5132443048099
1039.484177213588
1039.446290262532
1039.421365008237
1039.3939855404494
1039.3612117647222
1039.3664480411153
1039.3736527959886
1039.3776608032792
1039.3758410461703
1039.3808996482528
1039.3788767775195
1039.3724565419172
1039.3802528386448
1039.4688177453631
1039.5723151196573
1039.666020787833
1039.734312916707
1039.7984373658196
1039.8527693185163
1039.9144394112188
1039.9624051291678
1040.0221070575938
1040.0889168184938
1040.1596388685962
1040.2244808596436
1040.280271689531
1040.3377758292645
1040.3879417008588
1040.4312553017905
1040.4853337870347
1040.5239944818181
1040.5741609130507
1040.62458194376
1040.6666692185545
1040.7014178852135
1040.7276010022115
1040.7564698635072
1040.781194215765
1040.8095989854062
1040.8264980897056
1040.8607605857171
1040.8867115494352
1040.9124084325563
1040.9363922105927
1040.9549826575922
1040.9743135065467
1040.988991386589
1041.000983340362
1041.016401573897
1041.0364728016445
1041.0492050343048
1041.052885127723
1041.0511719932128
1041.0541118222604
1041.0545982623337
1041.0570304630264
1041.0220274086691
1040.9914448449617
1040.9545178005264
1040.9202553301711
1040.8781677164723
1040.8463589319977
1040.816981841327
1040.7795475328294
1040.7577633902024
1040.728872515065
1040.717112689496
1040.7087790497435
1040.6865982616494
1040.6729607240916
1040.652979656124
1040.6151055854577
1040.5630417603722
1040.5119285523585
1040.4608158942715
1040.413615886368
1040.3766710862685
1040.3387541927834
1040.3044948090967
1040.2690085694228
1040.2313233211446
1040.1627397519128
1040.1109851191852
1040.07265601492
1040.0347898058483
1040.0341604967516
1040.0342713612836
1040.0194994862698
1040.0123441118833
1039.992481102564
1039.9677341415975
1039.9425010446437
1039.9199772177274
1039.9035639889971
1039.8959708922187
1039.878585819307
1039.857774755635
1039.8347898908933
1039.8298060234968
1039.827941679153
1039.8063630097904
1039.776960286798
1039.7598042848426
1039.7318840943615
1039.7154693519303
1039.7007675797454
1039.6872930495767
1039.6713638037459
1039.6532617593152
1039.6363609670555
1039.644440556399
1039.6647674428655
1039.7051392963108
1039.791278316452
1039.8673694740673
1039.9322109638183
1039.991172209379
1040.0371951336858
1040.0851616962152
1040.1279890509506
1040.1810950582949
1040.2298029321298
1040.2838811540746
1040.3367325396455
1040.3871537061814
1040.4280370644194
1040.4718371344752
1040.5146650366269
1040.4191865438368
1040.4928256507994
1040.560214405035
1040.6293184501255
1040.6857373787084
1040.7270164337158
1040.7658647992973
1040.79739707976
1040.8326101117505
1040.8671048885658
1040.8930341533367
1040.926556501401
1040.9544531373938
1040.9737841042875
1040.9838090249214
1041.0006865779508
1041.0063124413582
1041.0214769130673
1041.040321631382
1041.0586799256237
1041.0731254543782
1041.0841446493728
1041.0944235817497
1041.1093555237292
1041.129659662039
1041.1438514211718
1041.1519307436733
1041.1397058639645
1041.117202116939
1041.0944446931264
1041.051615980832
1040.9862839918371
1040.920212006666
1040.8538861764384
1040.8015417462193
1040.7550998862184
1040.7125934719838
1040.6808301805029
1040.6620311616182
1040.640524439502
1040.6039892202662
1040.5703497542493
1040.541573145623
1040.4917336141903
1040.4355072586086
1040.38367987601
1040.3569005473985
1040.3374806940674
1040.314171172627
1040.2903982588584
1040.2649120977492
1040.236764067187
1040.2010233299761
1040.1485029923215
1040.1138061475494
1040.0922075205317
1040.0760021710107
1040.0595655473962
1040.0401887073704
1040.0259747910359
1040.0049089159593
1039.9721073581718
1039.9422211091787
1039.931819434605
1039.9163027211844
1039.9027788360906
1039.888282872035
1039.8764965713156
1039.860107374052
1039.8295279659158
1039.8016078161374
1039.7732017269702
1039.7413951416593
1039.7144720163526
1039.6943751845586
1039.6755315241169
1039.6549748175414
1039.6378442398136
1039.6163161567486
1039.5974725655115
1039.57054940512
1039.5749468694657
1039.5937904741668
1039.6067532562527
1039.6517785163614
1039.6919205422837
1039.7318067579645
1039.7707215077762
1039.8020425218308
1039.8314203545865
1039.8816105002554
1039.9339993476735
1040.0025220420398
1040.086948507
1040.1699173370139
1040.2433247911792
1040.3162465831067
1040.3786352993973
1040.427574348985
1040.4885053366318
1040.5416117643338
1040.598376216861
1040.649283598791
1040.6818329162843
1040.711187937377
1040.745196219909
1040.770638954627
1040.782885161632
1040.8039512069647
1040.820850380739
1040.8414079307036
1040.867845334376
1040.8830312297403
1040.9026160385083
1040.9263458125952
1040.9515348272157
1040.9742920143758
1040.993622958681
1041.0176069463575
1041.042817666379
1041.0596952787319
1041.0765729468737
1041.0856251520147
1041.085159827272
1041.0829813381329
1041.094740600941
1041.1020796076855
1041.0999220110164
1041.1002385311033
1041.0676241135034
1041.048672558341
1041.031646111623
1041.0062671851206
1040.9803814600505
1040.965239342859
1040.9815457297857
1041.002039019976
1041.0218132351583
1041.043300664094
1041.0652955078428
1041.0892571274414
1041.1095598875554
1041.11469897029
1041.1085868918683
1041.0794861261581
1041.0235469652484
1040.957797115972
1040.8846685400852
1040.8066560589677
1040.7168869292293
1040.631495582619
1040.5439056062082
1040.4702288100348
1040.395602045487
1040.346554388387
1040.313615511163
1040.2809290261264
1040.2450929522329
1040.1980290168854
1040.1522150539577
1040.1088545428515
1040.0747998978018
1040.0444262662343
1040.00696957946
1039.9878705616893
1039.9606920664519
1039.8931617001908
1039.8747294202742
1039.8458132803096
1039.8117577060382
1039.7918408187995
1039.6934064330212
1039.6636723931963
1039.6356757407682
1039.605761252451
1039.5810114259384
1039.55454834397
1039.5236876421409
1039.499193192357
1039.4805794433282
1039.474212967068
1039.4639614464932
1039.4617361455532
1039.4989371067118
1039.5647739080782
1039.6232728863229
1039.696447559855
1039.7581168626673
1039.8051103554735
1039.8662939902463
1039.9262505155803
1039.9915768632889
1040.061812104017
1040.1369315583406
1040.214991553586
1040.2818013593264
1040.3412729291115
1040.3992628333935
1040.4538268447668
1040.5049649286782
1040.5534177806446
1040.608236953273
1040.5587024450474
1040.6285239883653
1040.6783222654756
1040.719832858685
1040.754027766455
1040.7867862317053
1040.8219985411677
1040.8557521284936
1040.8966123228458
1040.9262213308402
1040.9487240777796
1040.9749070265307
1041.005235232174
1041.0150274766715
1041.0314183473918
1041.0561210592512
1041.0710737430459
1041.0855607763892
1041.0949082032305
1041.0954363497167
1041.0802931730304
1041.067095972583
1041.0431340524194
1041.0106070628906
1040.9824792440115
1040.94333315713
1040.9080996868713
1040.865527847171
1040.8239288881298
1040.786982760475
1040.7463566299361
1040.7042716532314
1040.6333199217725
1040.5694525727492
1040.5087569867383
1040.4659320460858
1040.4419501068278
1040.4060921393707
1040.3841699646443
1040.3808127169125
1040.3642382791497
1040.3602347923834
1040.3508835184318
1040.3275969158299
1040.3086848183032
1040.3017395982813
1040.2904191671719
1040.2771541090158
1040.26928268281
1040.2509017665968
1040.21758942029
1040.1884438753893
1040.1592981342985
1040.1414266517538
1040.1382314456766
1040.1355221970405
1040.124016826547
1040.1093405069216
1040.0873260924375
1040.06480132502
1040.0346831274596
1040.01118639697
1039.986948414672
1039.961252717775
1039.9380113828024
1039.9186820549132
1039.8961570537783
1039.8704614369933
1039.8486777489372
1039.8232377522725
1039.7894628529546
1039.7642531281524
1039.7388133420848
1039.7187427507158
1039.7128621500333
1039.7253391350632
1039.746381309907
1039.7718467210425
1039.8083062412877
1039.8464788817837
1039.8858788043435
1039.9362983402152
1040.0410493865963
1040.1298727902179
1040.208904369141
1040.2630052612842
1040.3087718772506
1040.353797630794
1040.3944251405983
1040.4401918747399
1040.4932970816467
1040.5405224502322
1040.5784419033967
1040.6168703908106
1040.6516183194312
1040.690024447092
1040.7269719727533
1040.7600292526145
1040.7982256279681
1040.8263755216747
1040.8422796807483
1040.8633231469187
1040.8775142630836
1040.8907326721144
1040.903464702761
1040.9122841475712
1040.9223302736852
1040.9184821585557
1040.8965520551576
1040.8795073601418
1040.8751085688334
1040.8687428747337
1040.8503860518058
1040.8339961889963
1040.8105003376
1040.7877448310526
1040.7620496639345
1040.7329285019405
1040.6901473486835
1040.651765256717
1040.624821619856
1040.5861411178091
1040.5445432005806
1040.5144274595277
1040.4889643810204
1040.4666955185746
1040.4126206328767
1040.4126206328767
1040.3908840510928
1040.37889325265
1040.378615583854
1040.3854213281452
1040.3873426992668
1040.374333057715
1040.3652586329877
1040.3483598658897
1040.3497947969674
1040.3590774033783
1040.3717861186044
1040.3896340137353
1040.4045420238745
1040.407227312837
1040.4003751176613
1040.3974351363274
1040.378360221338
1040.377619388508
1040.3683133133115
1040.3482428400928
1040.3225471430494
1040.297337532551
1040.272359073581
1040.2503205641594
1040.2119403821323
1040.1835837914155
1040.1620072856267
1040.1419126341168
1040.0993173953716
1040.053806421544
1040.0151477475756
1039.9730631373463
1039.9441970060686
1039.9207005098037
1039.8950051262761
1039.8810454534962
1039.853968042261
1039.8314686754895
1039.795546286875
1039.7613373215656
1039.7312706717537
1039.712939340133
1039.6975482402909
1039.6811601699933
1039.6374931930325
1039.6021359798017
1039.5667282280303
1039.5555052712343
1039.5523608894682
1039.5391695076119
1039.5286624547002
1039.5532810300776
1039.5688755016436
1039.603056242676
1039.6874232916502
1039.7637380589458
1039.8356560965074
1039.9171359573895
1039.985167792047
1040.0610234402777
1040.1185946156174
1040.1785238051173
1040.2379674547562
1040.295698598403
1040.3558838997408
1040.415328866112
1040.4715572043106
1040.5307262993672
1040.5884376677361
1040.630986745986
1040.6622854454668
1040.6899262633524
1040.7151357984067
1040.7342335798892
1040.7650685490546
1040.790023967021
1040.8213453624899
1040.8494947042755
1040.8700514383138
1040.8847286739947
1040.9013729444807
1040.9160502333627
1040.9385526272424
1040.947117987262
1040.9657079413164
1040.9889507770968
1041.016846487817
1041.0332371096335
1041.0545343042309
1041.066039432557
1041.0841432098835
1041.099814645308
1041.1127792073455
1041.1179184690952
1041.121091017918
1041.1193571401425
1041.1002802819637
1041.0748376209508
1041.0579604717777
1041.0349501938033
1040.9984890226376
1040.9654540894871
1040.9397579243307
1040.9084361770283
1040.8810270022593
1040.8144713208653
1040.7501153441574
1040.69800525983
1040.6556652089387
1040.629969444579
1040.6030468785104
1040.5888562687621
1040.5748974708397
1040.5526278357074
1040.5200799380702
1040.478712290436
1040.4302608958853
1040.3805826998746
1040.334099353975
1040.285903231767
1040.2474757126902
1040.2093031232405
1040.1747876605223
1040.1373562143044
1040.0955269622564
1040.0571239784813
1040.0086739186277
1039.9594827825842
1039.9132815196292
1039.8583354709833
1039.8160475426246
1039.7896121297954
1039.7627160851844
1039.7409337320162
1039.7277413599065
1039.7108676437363
1039.6927668384187
1039.6683001636384
1039.6453163532547
1039.6206197540096
1039.5986076540785
1039.5690798143944
1039.538325268871
1039.5117125398442
1039.4870429012967
1039.4662589587313
1039.4523264239156
1039.4550106053507
1039.4435064567772
1039.4439921265348
1039.4556742109953
1039.4825422644174
1039.5113792704071
1039.597227400116
1039.6943509348644
1039.7731192127337
1039.8597116288347
1039.925823481607
1040.0077883256304
1040.0909326391075
1040.1733374756886
1040.2381280304053
1040.2987762951996
1040.3572262296943
1040.4171583522616
1040.4700072753467
1040.522856447413
1040.5771870617211
1040.6204989994583
1040.6447133998452
1040.6608489687887
1040.6762663339648
1040.6973091093387
1040.7168930613761
1040.7347639438794
1040.75189436812
1040.7690248024373
1040.7788167491367
1040.7851826023702
1040.7898354075508
1040.7966875787986
1040.809165216856
1040.8314348051338
1040.8549310994986
1040.877200711726
1040.8789137595256
1040.8918778502773
1040.8970170016673
1040.9006755733105
1040.9023886275897
1040.9104675149492
1040.9090083584372
1040.9078030921012
1040.9129422310061
1040.9014372910221
1040.8830801573113
1040.8500459375923
1040.8057608758518
1040.7619623213754
1040.7117980858607
1040.6689723580353
1040.6420501761334
1040.6095026790483
1040.5803812651213
1040.560565593676
1040.5167450028796
1040.4650998362742
1040.4222743225253
1040.3880139568696
1040.3730829168285
1040.3713698996323
1040.3813933313547
1040.3858148212855
1040.383129570143
1040.367712444276
1040.3469249022553
1040.32710963016
1040.2965303166402
1040.277687304067
1040.2700944244634
1040.25590435893
1040.238543177333
1040.210975273639
1040.1694967674061
1040.1226018179311
1040.0903591219517
1040.0566350229353
1040.033164590221
1040.0180036754243
1040.0101080308564
1039.9941576967956
1039.9762633629186
1039.9578829226732
1039.929224802877
1039.9003358281757
1039.8743867314015
1039.8409191573091
1039.8037957608278
1039.7824999077313
1039.7651156262664
1039.748447478905
1039.721526976884
1039.700461198251
1039.669143281971
1039.651758728993
1039.6409955937888
1039.6414813509455
1039.6351155212608
1039.6316897284337
1039.6275225385618
1039.6397174130063
1039.6580226421013
1039.6907728847773
1039.7878740477395
1039.8820615032778
1039.9676850410588
1040.0445136837093
1040.0985879866469
1040.1499775041802
1040.2045381886103
1040.2466221068755
1040.2916460935996
1040.3408370042212
1040.371740544385
1040.4174820458973
1040.4578303537032
1040.4967205037349
1040.5341523288153
1040.5698712896717
1040.6053584876627
1040.653809364913
1040.6934631432662
1040.7228387113137
1040.7563587961677
1040.7808275082857
1040.8030968981489
1040.8214755341035
1040.8374006791425
1040.8623557159992
1040.8787456876357
1040.8887699634536
1040.9007611740715
1040.909072467397
1040.9196045150175
1040.9328223672526
1040.9448135900604
1040.9590042673028
1040.9651373333604
1040.9715030297264
1040.9812947789574
1040.994279858888
1041.0101835399773
1041.0148361750805
1041.0238877634415
1041.0321992452593
1041.0299997589032
1041.0314591240658
1041.0260663475694
1041.025600791828
1041.0167819669723
1041.0109027349586
1041.0113891795163
1041.0204407932438
1041.0221538273756
1041.0304653251299
1041.0028030225617
1040.979306924727
1040.9700015429764
1040.961203718679
1040.9607173012198
1040.965623754224
1040.965623754224
1040.9275988454215
1040.8369594328692
1040.7819361624454
1040.7156637922633
1040.6511051763848
1040.575044040411
1040.5245443976858
1040.4757780242307
1040.4182141919746
1040.3721532195036
1040.3319706599996
1040.290329099071
1040.2428308014653
1040.2051235576496
1040.15035785678
1040.1099419045818
1040.0702664026126
1040.0257309257495
1039.9770529431728
1039.9476786152838
1039.9212441127631
1039.8933273465811
1039.8722620345743
1039.854902435832
1039.8213856792593
1039.7905535905277
1039.7480868225655
1039.7073087831027
1039.6878015158059
1039.6667618448118
1039.6756608352055
1039.6824112944967
1039.6872184585432
1039.6849436007078
1039.6822082299013
1039.6836400462926
1039.6836145312277
1039.6872705452877
1039.6965511955561
1039.70854187364
1039.760186094769
1039.808890168661
1039.836067057627
1039.8615309042452
1039.8896793615845
1039.921739583012
1039.9623645804502
1040.0032447514864
1040.0462994890609
1040.093521395609
1040.136345533703
1040.1745168464151
1040.2036373489052
1040.2349569037285
1040.2772717597109
1040.3164156539176
1040.362411680127
1040.4067179555789
1040.4429224143296
1040.4752148803248
1040.5067668377942
1040.5371147844155
1040.5694075973167
1040.59315788047
1040.6217928316855
1040.6585065813854
1040.6869094157528
1040.7064929556864
1040.7260764680561
1040.739780537437
1040.7512852899476
1040.7684153840119
1040.7794337990783
1040.7999899126391
1040.8254526749631
1040.846241221201
1040.8653168399132
1040.8741358153984
1040.8824470180457
1040.8954109216234
1040.9110606652275
1040.922311615377
1040.9401821064628
1040.949001027896
1040.9541401026925
1040.9609922038317
1040.967844306583
1040.9673578832148
1040.9729833847043
1040.9722432088781
1040.9666177032557
1040.9577987969226
1040.9348316141443
1040.8908647332228
1040.8150712427212
1040.7466174866054
1040.6896475467304
1040.63707684541
1040.6033267950752
1040.595756771351
1040.5818214296391
1040.5539287977645
1040.5099242161828
1040.4708045353043
1040.4133074215333
1040.361921416018
1040.3122483635414
1040.2740562924237
1040.2349150397956
1040.1862375624376
1040.1225167960104
1040.0692590061842
1040.0147519521008
1039.9665870847225
1039.945173656926
1039.9164457788015
1039.8603357907891
1039.8603357907891
1039.8493177720402
1039.834824993239
1039.8188496091448
1039.8151191519826
1039.8043064523004
1039.7961781091476
1039.7839074809501
1039.783627059316
1039.7750374460672
1039.7588547720413
1039.7461230056088
1039.7255426377983
1039.7110978585356
1039.7010504739537
1039.6971388331867
1039.6883185666607
1039.681952604926
1039.6689905497353
1039.6628802383009
1039.6501483170803
1039.6526026676945
1039.6809810677726
1039.7088737673012
1039.728712947739
1039.7448706564758
1039.7629967598464
1039.7835518908414
1039.810703335552
1039.8540125342358
1039.898548897295
1039.9457700803612
1039.9993572891283
1040.0432012929757
1040.0782731166548
1040.1074643199622
1040.1466063283274
1040.1864893359327
1040.222205803362
1040.261371555001
1040.310305483715
1040.3572950765251
1040.3827572857788
1040.351847980271
1040.3965681688735
1040.435178151619
1040.476937874536
1040.5216601972395
1040.5416843137102
1040.553652468364
1040.5668473592496
1040.5851810725574
1040.5991385689233
1040.6031166141618
1040.6146644116054
1040.6174153161126
1040.6345222999546
1040.6504027968724
1040.6577406403476
1040.6726703306067
1040.6775550249304
1040.6802188827296
1040.688696675929
1040.6830062902554
1040.667313879607
1040.649930296473
1040.6208101855457
1040.5938892960155
1040.5789590243064
1040.5620615419148
1040.5385664903201
1040.5108825053062
1040.483938816241
1040.4513698459707
1040.4246802318378
1040.3909070516102
1040.3669255429154
1040.346624604938
1040.3133608494006
1040.279842576864
1040.2617409338188
1040.2534075122594
1040.242157688443
1040.2377596742435
1040.2201441651894
1040.2052372932378
1040.1988715800865
1040.1258721814927
1040.1235557687837
1040.1200355439908
1040.1052892122946
1040.0802888831947
1040.056029183954
1040.0295703401782
1040.004362485563
1039.9757287888915
1039.9549430131567
1039.9326751334697
1039.9023286034596
1039.8734396992973
1039.8479765331174
1039.816402839155
1039.7990182770118
1039.7821194944652
1039.7605928371952
1039.74860242318
1039.7361262118052
1039.7185112798343
1039.699669248806
1039.677887182086
1039.6658968080728
1039.6553637194802
1039.6614739820848
1039.6614739820848
1039.6472328886603
1039.628518190745
1039.6224587569225
1039.613434177201
1039.6073242090192
1039.6222285093975
1039.6446750123241
1039.7045491092067
1039.769102115757
1039.8248610414507
1039.875992340983
1039.9241839970584
1039.9704079016492
1040.0271646935578
1040.0848937846563
1040.1316286360309
1040.1739420526762
1040.211857794917
1040.242690650901
1040.2767180284955
1040.2989862043976
1040.3320181408942
1040.364309456728
1040.3946563321185
1040.4222951458833
1040.4597256490335
1040.4802811188638
1040.4964383020078
1040.5172481210038
1040.5505347842616
1040.5904412180703
1040.620301848744
1040.642824370078
1040.6609264431077
1040.682940765236
1040.705209218617
1040.7196532292064
1040.7402087295495
1040.7592836435472
1040.7795852666893
1040.7854644502459
1040.7964825154718
1040.8048148886567
1040.8026155733278
1040.8138874619328
1040.8214795204733
1040.8415486256695
1040.8545120859587
1040.8655088110477
1040.877985952115
1040.890209335804
1040.8970612145652
1040.906112470656
1040.9151637380705
1040.9317860238764
1040.952828203422
1040.960906676882
1040.9611603591813
1040.9675258354284
1040.9699789146491
1040.9690060388848
1040.9741449617084
1040.9760907238644
1040.9731512070246
1040.9665320532026
1040.9596801275063
1040.952828203422
1040.9545411842919
1040.963634346599
1040.9393541438155
1040.9335376192512
1040.9233016973249
1040.914271563429
1040.8829741601155
1040.8184973028185
1040.7527750092083
1040.6593964655187
1040.5711158681831
1040.4911247611292
1040.4123388492194
1040.3625583485707
1040.3225887603367
1040.2779882917998
1040.2314423866883
1040.1902887162098
1040.1312888125617
1040.0708304538427
1040.0203939008502
1039.9572502355034
1039.9058654170785
1039.8570076638118
1039.8417498752451
1039.8002054519725
1039.7737228551614
1039.7331754771767
1039.6884620523058
1039.6620041383703
1039.659194441209
1039.6520121351894
1039.6585575204003
1039.6585322506116
1039.6660744371175
1039.6709322132635
1039.6635695859216
1039.6616011346177
1039.6535224800054
1039.6361380234212
1039.6285450979076
1039.6593770915829
1039.687524660099
1039.7063664496006
1039.7166437944672
1039.725463732629
1039.7364823396038
1039.7467596696076
1039.7516428968054
1039.7482171140616
1039.753586163409
1039.752103633564
1039.7601823069049
1039.7640939241141
1039.757011953582
1039.7553241140486
1039.7699988828424
1039.794951053681
1039.8299501541446
1039.8783971416397
1039.9380934979222
1040.0004991634676
1040.0585070700704
1040.1201717863942
1040.1762118558381
1040.2383628576572
1040.2983150336966
1040.3592395898772
1040.41796530266
1040.470580016218
1040.5200008075005
1040.5581717054115
1040.6027082174633
1040.6433326310428
1040.6908088499658
1040.731919620507
1040.766897367168
1040.8038421799963
1040.8351618493296
1040.8598835368566
1040.887290951459
1040.9056471569834
1040.9200910114039
1040.9409002680618
1040.9458063993623
1040.9511989375596
1040.9688149537556
1040.970020641269
1040.9727273152182
1040.9683285119072
1040.9673556282753
1040.9666363714177
1040.9490829108436
1040.9207865202927
1040.8900168449748
1040.7913214086452
1040.764341010419
1040.7412928190129
1040.713951395655
1040.682677407952
1040.6558019698575
1040.6340650265906
1040.6198130148528
1040.5886867637973
1040.5489960081313
1040.495370037856
1040.4002056280576
1040.3685481368045
1040.304780353901
1040.247356311153
1040.1906287792951
1040.1579516065756
1040.0794680082076
1040.0794680082076
1040.0454210190055
1040.0177151063276
1039.985101388118
1039.9527417693369
1039.9135302293064
1039.8775127365018
1039.8490870567268
1039.808695783692
1039.7876313285371
1039.7648539118422
1039.7479560556558
1039.7259196173345
1039.7109648545393
1039.6877011646939
1039.6725158350384
1039.664437366321
1039.6534189648262
1039.6561033690539
1039.6622134880274
1039.6636708249318
1039.666124980178
1039.6585322506116
1039.6526523653442
1039.6511697316614
1039.6465169128555
1039.686884370703
1039.7323905772223
1039.781092222972
1039.8263681039064
1039.8733568383097
1039.9122670807071
1039.954347993741
1039.9900634558076
1040.0314036980708
1040.0747119894734
1040.1182752573407
1040.1535288327777
1040.1802412765878
1040.2005879150736
1040.2223925017734
1040.244914452204
1040.2674363488
1040.2939388422426
1040.3160198266787
1040.3381002816905
1040.3569864143678
1040.3850870063682
1040.4180944951959
1040.45820784637
1040.481933404958
1040.5171627447062
1040.547993996752
1040.5758858446466
1040.5981529126852
1040.6150274326033
1040.6341011588622
1040.6478040429245
1040.6715301728777
1040.681153077637
1040.6924669142845
1040.7069522109666
1040.7383958602795
1040.7455434592193
1040.7397494547936
1040.5776421709518
1040.657741663863
1040.721053154432
1040.7235678983998
1040.7820798083944
1040.8242469953643
1040.8588652764827
1040.8888735498883
1040.9142508375169
1040.9308311098453
1040.9525710186674
1040.9667401115926
1040.9833622381157
1040.9816286401467
1040.9754962256204
1040.9635056623242
1040.9448961597684
1040.921168685161
1040.8866773019204
1040.8411683844427
1040.8034840408525
1040.7792492504848
1040.7530690533415
1040.732767930028
1040.7083007640538
1040.6652456240715
1040.6165438035534
1040.569322801258
1040.5074040334543
1040.454049722763
1040.4131718293245
1040.3749790124064
1040.3309295863025
1040.284681183901
1040.2369746400402
1040.1826480286572
1040.1339461599446
1040.0874431601724
1040.0385102471157
1039.994230217716
1039.9511773360214
1039.9213173733242
1039.8919677601332
1039.8557422183592
1039.821740070843
1039.791394299898
1039.7674141651923
1039.744661094621
1039.7297311362668
1039.7179965336732
1039.7104289303431
1039.7072586641962
1039.7011485036467
1039.6960099507535
1039.6886727537467
1039.6796227172
1039.6757112327336
1039.6786511369735
1039.6769382906305
1039.6774240798543
1039.6759415358022
1039.6744589784491
1039.6991801985996
1039.7246426161353
1039.7381399424908
1039.7631658688772
1039.776226142721
1039.7995379914066
1039.8272465785212
1039.853472667599
1039.8745359666634
1039.9183030331344
1039.9571870830314
1040.0068341260296
1040.0630779938294
1040.1095550524594
1040.1557776940595
1040.1919783672631
1040.2161894121357
1040.2314194019946
1040.2493339836224
1040.2823405904262
1040.3161107020014
1040.3586541565676
1040.3941372984727
1040.430592832877
1040.4448483397418
1040.473756151842
1040.4953262005833
1040.527637108996
1040.5580028359984
1040.5919398634555
1040.6227057554531
1040.6576380515448
1040.6732645806912
1040.698428224297
1040.7121097490424
1040.7299573362702
1040.7544027177046
1040.7734770621946
1040.788385508452
1040.7917900403947
1040.7939893115838
1040.8032940342125
1040.81357148579
1040.8250754712315
1040.8385461051719
1040.844657603542
1040.843917473306
1040.841697062646
1040.8434099774977
1040.842923590167
1040.8468358075036
1040.8512344196665
1040.8436426086746
1040.8287127265785
1040.801792411517
1040.7692469961996
1040.731562876533
1040.6821424282148
1040.6341810446572
1040.6018899777785
1040.5698531894968
1040.5444139790607
1040.5170299676822
1040.4739536693348
1040.4223128928252
1040.3804631868845
1040.3298174313054
1040.2823430389644
1040.2414655331913
1040.1979262628117
1040.157072200165
1040.1130237990878
1040.0650637096887
1040.009280350004
1039.9647461814932
1039.914332514361
1039.8798203710949
1039.8585250898714
1039.8316299560663
1039.8061925676263
1039.7854079327333
1039.7604565689833
1039.7362464525343
1039.7117810615355
1039.6922237906763
1039.6870853311257
1039.6748401608445
1039.6650490229595
1039.6606518041526
1039.651116139658
1039.6474350292917
1039.6493781521715
1039.6449809475446
1039.6411198823432
1039.6460530941833
1039.6541563608835
1039.6549225953117
1039.6554333934025
1039.6544618025277
1039.689944363469
1039.7176041506536
1039.72013216997
1039.73805000392
1039.7569391663556
1039.7887888277746
1039.816933427969
1039.8541275524385
1039.8771339190603
1039.9152521916635
1039.9519131001266
1039.9849177601404
1040.0164647231463
1040.051668661311
1040.0817345473129
1040.10643097692
1040.1137681946486
1040.1245310182255
1040.1318915499571
1040.1573520367115
1040.18232636562
1040.2121614363766
1040.2378304649123
1040.2605601581738
1040.2769476908416
1040.2952797556225
1040.3165287114489
1040.3431934801679
1040.3830523310137
1040.4170549178452
1040.451775767651
1040.4892044304454
1040.5139027712462
1040.538137077704
1040.5572327327316
1040.5821853752109
1040.6142436087664
1040.6416495277997
1040.669541779217
1040.6959536091708
1040.7096566446976
1040.7231272317774
1040.730232604581
1040.7610643728076
1040.7862711707753
1040.8063393309808
1040.8283530375331
1040.844995462796
1040.8601577331337
1040.86455631573
1040.8733535034742
1040.8870357564044
1040.8836099607577
1040.8850692004248
1040.8738189841656
1040.8525241118134
1040.8126410979062
1040.7717854655239
1040.7162327948415
1040.6753774600477
1040.6462584504175
1040.627670785466
1040.6083428555203
1040.5838763342203
1040.5464472715614
1040.5070734681158
1040.4632795673344
1040.418259144013
1040.3749516843995
1040.3168738926092
1040.2477353287834
1040.2151009398217
1040.1707534408333
1040.1232575401575
1040.0767333265396
1040.0248391117073
1039.9954662766086
1039.9607239498712
1039.9266985273916
1039.8195076853247
1039.8071429518602
1039.7803828422382
1039.7595256677537
1039.7337849537248
1039.718345270595
1039.6983025779662
1039.6824266677968
1039.6578311372357
1039.651210688563
1039.6460724784133
1039.6347995654996
1039.6264662868318
1039.6144770878825
1039.613991303892
1039.6142466909412
1039.6215834358325
1039.6210976475156
1039.6149878586355
1039.6051972170994
1039.5968889371636
1039.5993428493387
1039.6357960608336
1039.6671111372511
1039.6813729905195
1039.706396462128
1039.737990607197
1039.7661348064153
1039.7967325960608
1039.8309143970362
1039.8741703881462
1039.9316387918077
1039.9746886248442
1040.0177386848857
1040.0597700427609
1040.094233507523
1040.1318682558372
1040.1619347646126
1040.202533044396
1040.2438722396626
1040.2795870522232
1040.304561668928
1040.3256017083957
1040.3410171524622
1040.3684224065066
1040.401938531095
1040.4361952083318
1040.4765628645077
1040.5144774336386
1040.5365122892151
1040.5624590059565
1040.5729901046413
1040.5996552643119
1040.6192368082934
1040.6466422969647
1040.6686553692207
1040.6818718339873
1040.6916625962772
1040.7065705188184
1040.7175664664526
1040.7371267778856
1040.7272098398637
1040.7472562961884
1040.763137066694
1040.7653151252678
1040.7716590177388
1040.767493171289
1040.766012896606
1040.760134164017
1040.7383532957817
1040.7106936346786
1040.6864596428632
1040.6605127289042
1040.6353060422655
1040.6013027984802
1040.567277767418
1040.5398719863508
1040.5063552052964
1040.4826072104881
1040.4559419422676
1040.421939159384
1040.3950422389598
1040.3666644319692
1040.3429390766564
1040.3172465325129
1040.2866699966007
1040.252413393287
1040.2369979349426
1040.2208418200125
1040.205912436488
1040.1858445589571
1040.158925362437
1040.1293212686317
1040.1009440367757
1040.0632619782812
1040.0432178361286
1040.0229189485615
1040.0016481871419
1039.9715825060082
1039.934458913372
1039.8992796364723
1039.8624121714663
1039.83306476429
1039.8068878900292
1039.784974534418
1039.7845611827322
1039.8174051619465
1039.8431429726836
1039.8829489489838
1039.914215829544
1039.9562453480416
1040.0127180453053
1040.0577117107487
1040.0951141104629
1040.1215228434116
1040.1418213225982
1040.167744228931
1040.1870707085811
1040.2056566316526
1040.225723762482
1040.2490301788127
1040.2823581143275
1040.338414824459
1040.3770896479516
1040.4035210490092
1040.4338641117652
1040.4707604041466
1040.5066410777931
1040.5413176799323
1040.5562031002573
1040.570856390917
1040.5705805891473
1040.559541455235
1040.5360480047484
1040.5162123236403
1040.481469352046
1040.4518649551746
1040.4190668646766
1040.3892082094321
1040.3600900493022
1040.3336570287845
1040.2910907272737
1040.2544036972827
1040.214291255254
1040.185428038271
1040.1692952590886
1040.159504487835
1040.1489730028597
1040.1406403390638
1040.138672846525
1040.132562330786
1040.1359879514137
1040.1301087864244
1040.131335559422
1040.1464961881786
1040.158485891667
1040.173901231977
1040.1858909467487
1040.207416908313
1040.2137821077865
1040.2186659923664
1040.2240590250321
1040.2450989664012
1040.2585470289514
1040.2744485706035
1040.2832900196065
1040.2906274172067
1040.2952797556225
1040.3089823171138
1040.3172920013108
1040.327823349692
1040.337127991608
1040.342520829096
1040.3478910669937
1040.3559464516009
1040.340853171206
1040.3364326834205
1040.2951550931407
1040.3077725081082
1040.3245783806165
1040.3330747612754
1040.3450192837997
1040.3701802648839
1040.4029557109864
1040.423741522715
1040.4521191791416
1040.4739440480812
1040.5157701070434
1040.565674323749
1040.5975212761166
1040.6232998084142
1040.64419276391
1040.6529051104599
1040.6517840977747
1040.6604104982691
1040.6628840654648
1040.6604522938778
1040.6471743506197
1040.6109117466547
1040.5523830917696
1040.4742949249276
1040.3900953857437
1040.309088781631
1040.2307668580113
1040.152721955556
1040.089837281939
1040.0316048251502
1039.9782558624051
1039.9117623411125
1039.8455009646093
1039.7926868891539
1039.7452422037784
1039.7198073294471
1039.7075879448414
1039.6980286058476
1039.6831005145373
1039.6776584439835
1039.6758721552787
1039.6752878548498
1039.674242121802
1039.6646572822979
1039.6998590653948
1039.7336036382353
1039.758784615012
1039.7957244186773
1039.8400013218545
1039.8754594908116
1039.9133956565136
1039.9610986065643
1040.0100285822903
1040.0538203539409
1040.0919878612142
1040.127956615816
1040.154875356743
1040.1739707651557
1040.1996627495405
1040.231210823873
1040.2625274537286
1040.3070605090447
1040.353560791536
1040.3846457062186
1040.421355179476
1040.4504951468691
1040.4757010387236
1040.5097250567787
1040.539815284415
1040.5752763146554
1040.6173565306929
1040.6413360329168
1040.6529037679304
1040.6776018707985
1040.693249693348
1040.7184343661459
1040.7323695253936
1040.7538961603414
1040.767598788069
1040.7754228520432
1040.7861862191767
1040.798176049224
1040.8128515028934
1040.8243549572987
1040.8417369306555
1040.8618045282262
1040.8830778545064
1040.893354895776
1040.8965270400563
1040.8957870643542
1040.8977534478843
1040.8977534478843
1040.8970134746723
1040.9014326615622
1040.9007133074801
1040.906845272297
1040.8990210661693
1040.8919368298377
1040.8723557778394
1040.838585676082
1040.7959977936976
1040.7595420962537
1040.7103566050941
1040.660960095062
1040.609429502595
1040.5613041232289
1040.498084024167
1040.4456066066061
1040.3808664500052
1040.3404594568644
1040.2998199497263
1040.2542963934136
1040.2200208696947
1040.1257446298887
1040.1038552153095
1040.07684935507
1040.0510918234852
1040.0054063259859
1039.9700898401704
1039.948010604172
1039.9185942943964
1039.9090120845106
1039.8982029902802
1039.8835061069349
1039.8695261636567
1039.8609389720016
1039.855729263995
1039.8403150021402
1039.8261275339883
1039.8139077597216
1039.8295529214383
1039.8310106534982
1039.8422346691268
1039.847069778403
1039.848248457555
1039.8499129811637
1039.856253927714
1039.8523183770537
1039.859631152881
1039.8630566734266
1039.8635425839989
1039.8681949550007
1039.8659962820684
1039.854006966659
1039.8755319152303
1039.8960850659678
1039.9249231569204
1039.9560079996063
1039.9961426170078
1040.0353052112941
1040.077152507132
1040.1118940245171
1040.1434646748137
1040.1816318454592
1040.2288491134839
1040.2782654603325
1040.3181457775106
1040.3536282757236
1040.3878841653732
1040.4235986837696
1040.4497769065651
1040.4835467503551
1040.5224550141882
1040.5540258018061
1040.5763139541327
1040.5976077944254
1040.6157083951325
1040.6259852145922
1040.6445721882567
1040.6656122034055
1040.68493944285
1040.681577661698
1040.6886613900815
1040.6947724611773
1040.702363769585
1040.7177789542322
1040.7366197465492
1040.761318019075
1040.770114749269
1040.7786787978935
1040.7825908010416
1040.7960396484623
1040.7989788864934
1040.8087693744135
1040.817587052587
1040.8290903274196
1040.8305703131261
1040.8273982803767
1040.8149222443853
1040.7926558059535
1040.768190205244
1040.739812689384
1040.7143533569388
1040.6893802745383
1040.6516986697466
1040.600189808577
1040.3935175180047
1040.3665410133442
1040.3538755136196
1040.2335865789762
1040.2345992356086
1040.2339622288937
1040.219413719423
1040.1943788014191
1040.15420645935
1040.1162543941953
1040.0584918895038
1040.0138749791606
1039.9648593470915
1039.9104964086944
1039.8509948723122
1039.7225634559525
1039.6938902554875
1039.6688963546521
1039.6421896202346
1039.617195023462
1039.6017343001695
1039.606726663456
1039.6122529612785
1039.61217983763
1039.6145600769573
1039.6181914933377
1039.6264504401686
1039.630057279743
1039.6422027453104
1039.651688531231
1039.6660818323521
1039.6782767131422
1039.7005173082864
1039.7193326192794
1039.7667784912267
1039.79906519738
1039.8435720568832
1039.8675503866498
1039.9071744115954
1039.95830192899
1039.9879046693375
1040.0172526920608
1040.0524798839467
1040.0884478938378
1040.1290681953176
1040.1684618163374
1040.1892695550837
1040.19001015643
1040.1912368376088
1040.1995690670278
1040.2093595389642
1040.2238021832145
1040.2482669398298
1040.284234959566
1040.3236060789322
1040.380127615256
1040.4315109252902
1040.4667389631647
1040.4985415397784
1040.5188627604161
1040.54210148115
1040.5699923579718
1040.5993637032109
1040.6299400418793
1040.6546593034277
1040.6688479739344
1040.6837767902462
1040.694307327889
1040.7084960176715
1040.7246512478728
1040.7285631934092
1040.7234248110126
1040.7251376050438
1040.7187727832018
1040.7141207510501
1040.705789365468
1040.6886613900815
1040.6769256142582
1040.6135970959688
1040.6120532783323
1040.6132158322735
1040.608521169224
1040.5938035871013
1040.5683444116753
1040.548509739012
1040.5230503827515
1040.5179120544594
1040.500784300034
1040.4871258402736
1040.4761089746214
1040.4555996988354
1040.425322389671
1040.3122238559972
1040.2457817778889
1040.1985565575276
1040.2197380800728
1040.2353177949249
1040.2567964736124
1040.288571519678
1040.307408491872
1040.3727985925466
1040.4438149599293
1040.4958474215114
1040.563061805433
1040.6093852176634
1040.6780601090895
1040.733623822888
1040.7635182791696
1040.8000092766642
1040.8396717720316
1040.8956414272368
1040.9462407870744
1040.980979664467
1041.00347729689
1041.0144538007416
1041.0021929042314
1040.9238217518773
1040.8365986421197
1040.8038608234572
1040.7520666725304
1040.6964185386337
1040.6395625144482
1040.5788140002778
1040.514173869349
1040.4505271435557
1040.3805151223012
1040.3036739137094
1040.2427333323133
1040.1817925643943
1040.1306419826403
1040.0827085862832
1040.053082861799
1040.0271371686044
1039.9960532140028
1039.9764723654362
1039.9556647200468
1039.9463602268913
1039.9338851141088
1039.9245806007496
1039.9125914456063
1039.9059715219355
1039.890556874062
1039.8763690477008
1039.8577839420955
1039.8340607122182
1039.8145039539202
1039.8049685568467
1039.8309143970362
1039.8566052120664
1039.8717887297987
1039.8943089938768
1039.8979893253868
1039.9087515676226
1039.923194117997
1039.9368958518373
1039.960364295241
1039.9968175035729
1040.0330160874241
1040.0763204521388
1040.116199446097
1040.1546203227574
1040.193758880379
1040.2314165345842
1040.2644449705515
1040.315087209774
1040.3649892198755
1040.4034104778893
1040.4452572431214
1040.4805069725621
1040.5106182693085
1040.5546638604083
1040.5808416276025
1040.6351639037382
1040.681895050113
1040.7083267204355
1040.7303600830085
1040.747974169036
1040.768041060512
1040.784196005047
1040.814539508415
1040.8414574651567
1040.868436761353
1040.8924559763748
1040.909370517427
1040.9326291818186
1040.9488035697086
1040.952502238803
1040.9664770965007
1040.970895395768
1040.9767930101257
1040.9721612240983
1040.964337421355
1040.9404786842802
1040.9187995500868
1040.8943956048863
1040.8946881161842
1040.8935013460957
1040.8962261585782
1040.907260659339
1040.9228095729873
1040.9327733036637
1040.9280628792683
1040.9106437268063
1040.8805157967045
1040.8543193762612
1040.8107630657312
1040.772598119338
1040.720964932549
1040.664064477751
1040.6312294744448
1040.520115855569
1040.511049099775
1040.4851907813313
1040.4396471997998
1040.4038058294987
1040.3684705984053
1040.3388024110372
1040.3003379956772
1040.265552670012
1040.224910841987
1040.1891752710922
1040.1480468903685
1040.1110843630836
1040.0726636006539
1040.0413484293538
1040.0095473250472
1039.9845972058463
1039.9567313204927
1039.9300923978276
1039.9039158889434
1039.8848451142042
1039.8625800496607
1039.8444572818908
1039.841748754708
1039.8368415837097
1039.833902079148
1039.8336470967283
1039.8150381732098
1039.797656006703
1039.746589718469
1039.7457764555595
1039.76505328374
1039.7716247978942
1039.7752568465573
1039.7791439206496
1039.7742366747334
1039.7686127098973
1039.8089765067912
1039.8305007149504
1039.8579039523042
1039.883339612569
1039.9019245224333
1039.9251616832983
1039.9549949681214
1039.9867959142068
1040.0322987757684
1040.0785424642243
1040.1291838087177
1040.182278649552
1040.2304897726017
1040.2757614843033
1040.3188342771182
1040.3579731017173
1040.4005375900017
1040.427201265316
1040.464395620491
1040.506242000585
1040.5380657705955
1040.5649835398415
1040.5862767505198
1040.5926414640824
1040.603150437927
1040.6146534256645
1040.6337688102744
1040.6343611024527
1040.6315064049818
1040.6303431321858
1040.6296660366843
1040.6296241194402
1040.642818236691
1040.6577251088486
1040.683161828318
1040.6944107137822
1040.700035165812
1040.7022550127042
1040.710099263102
1040.7106063566362
1040.7206495831072
1040.7213894880674
1040.7199303282148
1040.7041330678258
1040.682204631558
1040.6600024323373
1040.6370400773556
1040.6006308861333
1040.5649827909695
1040.5329723708683
1040.5173268308133
1040.5113657223997
1040.4998010568095
1040.499230325354
1040.4998430478427
1040.4899466524032
1040.4783581942265
1040.4628790634217
1040.4427693145058
1040.423907596275
1040.4011340874467
1040.381785892984
1040.3624375793172
1040.3521612097406
1040.3399179015269
1040.323994847054
1040.3009888795607
1040.2833754014127
1040.266988549245
1040.244954822605
1040.2238932333908
1040.2011187776334
1040.1690628240292
1040.1323547205654
1040.104210277492
1040.0660440407746
1040.0313267583856
1040.0110287806126
1039.9863334613203
1039.9599255628862
1039.9435392352393
1039.9276389065806
1039.900745346326
1039.881650765634
1039.856932106054
1039.8505672209255
1039.8442263106713
1039.8368656092748
1039.8146005040921
1039.8028424861063
1039.7940239401903
1039.780553128594
1039.7639119351852
1039.762685099857
1039.7653695526271
1039.7572918740493
1039.7502102827357
1039.7504653901387
1039.7404442878724
1039.7424120985331
1039.7693294026749
1039.7903676833455
1039.8124019041197
1039.8351529082718
1039.8571630937952
1039.8742901467945
1039.884566383429
1039.8936158574952
1039.8904453301545
1039.8921580352594
1039.8894734505297
1039.8938707404648
1039.9075723857343
1039.9158810672757
1039.923703815941
1039.9261573236852
1039.9256950702177
1039.9127816622477
1039.9125978215327
1039.9280354455377
1039.9696488982208
1040.0134608245482
1040.0052893544525
1040.061526919453
1040.110682990372
1040.1583810812072
1040.2095045736708
1040.259910078336
1040.3098293772791
1040.3644001744738
1040.4259892295331
1040.4746184977917
1040.507623564714
1040.5389162487313
1040.5692365629566
1040.5942285251758
1040.617000255618
1040.6495613528962
1040.6772378376163
1040.6912129991927
1040.7137101205903
1040.7251916785212
1040.7391257711943
1040.7581978598605
1040.7687067712534
1040.7926432727372
1040.8145936555718
1040.8323994088169
1040.8502256687536
1040.642068647102
1040.7026204890283
1040.7630190459452
1040.7956112046743
1040.833381542808
1040.857004961909
1040.8740311334527
1040.8844799842213
1040.891270222926
1040.8721564286398
1040.841793050828
1040.793075567394
1040.737760298135
1040.6870967083844
1040.6427976469695
1040.6038691916165
1040.5693600919572
1040.5314470697695
1040.4883959907552
1040.4465497270867
1040.398592799985
1040.3545476130248
1040.3017068861948
1040.2429877140441
1040.1854953587876
1040.1179814422876
1040.0658591973943
1040.0152183644684
1039.9748539816235
1039.9528435414961
1039.9305783586858
1039.9141683582266
1039.8967863904038
1039.8808860659474
1039.8500573249346
1039.8334161699113
1039.7974493493548
1039.7778686609395
1039.7538907975786
1039.7147537919936
1039.6748759139405
1039.6354839377657
1039.5765112833628
1039.5097163841028
1039.4485454016292
1039.403529936564
1039.3668223065715
1039.336479717596
1039.2879386361726
1039.2710161748143
1039.2886024618538
1039.304731945847
1039.3355599260162
1039.4131157156341
1039.5053446958943
1039.59708844895
1039.6873751626754
1039.762344688589
1039.857258722498
1039.9358345248831
1040.012187681222
1040.0946507875105
1040.1629944089802
1040.236870814968
1040.3048915018428
1040.3539066048113
1040.3894296619046
1040.4273833379505
1040.447470223189
1040.4761200597618
1040.5210922001386
1040.553357514079
1040.5839104752981
1040.6041876946258
1040.6217797347344
1040.642564584443
1040.6577251088486
1040.6797364458284
1040.707625891831
1040.7208410622945
1040.7435924803538
1040.7399960259238
1040.7371187159922
1040.742064650186
1040.748955998923
1040.761471442454
1040.786573085973
1040.790971247196
1040.803365043764
1040.8035368932672
1040.7015004435327
1040.7045095364292
1040.697282498851
1040.6285183723303
1040.6344635297553
1040.633852242176
1040.6254587652193
1040.6111866444608
1040.5979076958417
1040.574859526838
1040.5503735599982
1040.5234345094466
1040.5036001945775
1040.4818208114443
1040.4644393697324
1040.459533320911
1040.4509695955617
1040.4318753098466
1040.4206043831718
1040.4010458937687
1040.3787802246763
1040.3596635865292
1040.3354755123285
1040.323254433945
1040.2456568227472
1040.250683702566
1040.2449703944776
1040.230969946555
1040.2162512381356
1040.1973664174568
1040.1655429361278
1040.1520501017083
1040.1344140181657
1040.1033306639956
1040.0771307794616
1040.049727335813
1040.0176717848108
1039.9853614865342
1039.9623554382074
1039.940090148709
1039.922477059618
1039.9134275502008
1039.9048639981877
1039.8906763811497
1039.867925251979
1039.8596166554953
1039.860102579531
1039.8762338713505
1039.9036372333114
1039.9413168981132
1039.9843895118354
1040.0260040266428
1040.0690764346111
1040.1089548548914
1040.1449218638995
1040.179662288537
1040.207065800074
1040.238448636354
1040.2729346138979
1040.2945264538193
1040.3324377829472
1040.3615757885773
1040.3924262909054
1040.4303595694992
1040.4690329736754
1040.5040269636595
1040.5419600192565
1040.5713295565322
1040.5845447678944
1040.602411720877
1040.614654255075
1040.6239577155634
1040.6271504337853
1040.644509956787
1040.6445936632292
1040.6446562003814
1040.6415052950078
1040.6390942897583
1040.6364297010268
1040.6576589431345
1040.676942950686
1040.698446869614
1040.7172655159548
1040.7253218546828
1040.7272674149865
1040.7089143738494
1040.6758872029484
1040.638694782857
1040.6056255964486
1040.5764676265865
1040.553673699424
1040.5321058485054
1040.5027142978279
1040.4740626724133
1040.4522617217528
1040.426570840081
1040.3981948501998
1040.3715316604075
1040.3556310192894
1040.3370453399707
1040.3103823405859
1040.2614542459746
1040.1902612346385
1040.0757421036951
1039.9658750548983
1039.862118010843
1039.7845611827322
1039.709944144205
1039.642919169065
1039.6101478991193
1039.612346367918
1039.6243350366294
1039.662013741855
1039.745703854246
1039.8570276853216
1039.9891354588942
1040.1324926870045
1040.2310891186694
1040.329686077941
1040.3700509801804
1040.4214326664664
1040.4483500401993
1040.4025927043022
1040.3658851892387
1040.3375092924216
1040.3446143610354
1040.3703051321695
1040.4018523906632
1040.4167807064473
1040.4096757079137
1040.3981728229562
1040.387410264196
1040.3785924864558
1040.375653221032
1040.3746808410415
1040.3842168647536
1040.374912870912
1040.3653768518902
1040.354150310925
1040.352459757688
1040.3461172511893
1040.335863185767
1040.3368576994492
1040.343454333427
1040.3368576994492
1040.3268356938195
1040.2947923889376
1040.3057203031865
1040.3083389953954
1040.2827377245223
1040.2941736718856
1040.3352334397316
1040.3721720077392
1040.3858805674158
1040.4292678164225
1040.477030183809
1040.51548885814
1040.5469054358532
1040.5969729144301
1040.653426087976
1040.7221219896537
1040.7947509882156
1040.857358379709
1040.9243647182882
1040.9788967507122
1041.03319582988
1041.0703685868557
1041.1004572079155
1041.1381169809151
1041.1772559285666
1041.2066055184775
1041.2198769344955
1041.2279911541207
1041.2365918151281
1041.248851604249
1041.2589119113952
1041.271405502332
1041.2985183439935
1041.3227112760915
1041.3204935420808
1041.3067553393475
1041.2903122231717
1041.270929896842
1041.2476349154674
1041.2155608896144
1041.1991349532154
1041.17465087338
1041.1545653304433
1041.130820524194
1041.1065890640912
1041.071107955734
1041.036113389548
1041.0096825197654
1040.9634384310284
1040.9326090793315
1040.9054585741867
1040.8866184764875
1040.8614138988405
1040.8457458630633
1040.8264193399564
1040.8058665318968
1040.796076544145
1040.78383388954
1040.773303936802
1040.7784421495562
1040.7747631303207
1040.7747631303207
1040.770132008733
1040.7720982825722
1040.7740645464721
1040.7828610818055
1040.7926510769973
1040.7836010062003
1040.7980427739753
1040.8048936997452
1040.8119980979857
1040.8081067356509
1040.7888829317337
1040.800830903008
1040.8154849666194
1040.8340510056448
1040.8494451412664
1040.8802539895814
1040.9233055877119
1040.9766339022929
1041.0331348627801
1041.0769269429209
1041.1094694407707
1041.1312488015153
1041.1674504998705
1041.189716517872
1041.2293631676716
1041.2692435786041
1041.2893102162107
1041.301065745693
1041.3005790781565
1041.2866241222664
1041.2621586666696
1041.252855330128
1041.2496826349052
1041.2570203558266
1041.2643580854087
1041.2724352910755
1041.262196639029
1041.254176372987
1041.232940939525
1041.2090008106786
1041.2004562515215
1041.1872602664287
1041.169412892064
1041.1508452331873
1041.117836858971
1041.07575955048
1041.0231728548733
1040.9661685407718
1040.9091643943436
1040.8577848300818
1040.8093239929508
1040.7589172781845
1040.7192728448154
1040.6901577782132
1040.6598164537909
1040.6231108803552
1040.5649651150075
1040.5033743801728
1040.4517852668782
1040.4230932327432
1040.404443789486
1040.3850753976897
1040.3735514536447
1040.3539503906886
1040.3411997202857
1040.3257197940122
1040.3029246546732
1040.2957975313175
1040.2904052695822
1040.2933222091713
1040.2942945225432
1040.290869138208
1040.2886702921298
1040.283277980297
1040.290869138208
1040.3077418595553
1040.3331781336942
1040.372802329045
1040.429067621357
1040.5039407519487
1040.5790678157964
1040.6607919478179
1040.7405499307997
1040.807346327657
1040.8707174098865
1040.9242986840738
1040.981305593375
1041.0351205639067
1041.096526547009
1041.1547602953863
1041.201004825576
1041.230121789664
1041.2519010793094
1041.267315958315
1041.270741488091
1041.2807652876536
1041.2898346835996
1041.3238560116672
1041.365196377846
1041.3930873951974
1041.413640648262
1041.4361408665716
1041.4549814132336
1041.4826201298579
1041.5188229140222
1041.5484271191185
1041.5750926033732
1041.6008023654315
1041.6123050669842
1041.5658219656527
1041.5880167413377
1041.602891603542
1041.5512698116233
1041.5643614874855
1041.5654812847438
1041.557567584186
1041.5398992372495
1041.5119717625248
1041.4703598292258
1041.4101596043356
1041.335770335007
1041.2518629893561
1041.1703894408156
1041.0957673319808
1041.025797306169
1040.95705391062
1040.8853719152994
1040.8041743470524
1040.7144973953866
1040.633070428829
1040.5511585590257
1040.4905184912218
1040.4166860190094
1040.3724119657784
1040.3398723580303
1040.308791345125
1040.285300979124
1040.259865961884
1040.2380882409602
1040.2187412083504
1040.200620541744
1040.1820136667886
1040.1741685416707
1040.1746546545173
1040.1566684938493
1040.136925088403
1040.1252361669733
1040.1140110492795
1040.1095240356433
1040.1128816625078
1040.1133226315897
1040.1282273631273
1040.153407822506
1040.1839805381114
1040.2186966677918
1040.257766225111
1040.30324525864
1040.348470642445
Keyboard Interrupt
