CHIP_ID(id=88)
1036.7547198364293
1037.3521636124847
1037.8047077296808
1038.136487873336
1038.363542332395
1038.5412350735398
1038.6861471540456
1038.792593838492
1038.8837685926599
1038.962134791758
1039.035968462362
1039.136703428994
1039.2103198110033
1039.2824850345587
1039.3409582356778
1039.3909755773623
1039.4417412984894
1039.5309898618614
1039.6033311373453
1039.6432682033937
1039.6739137985105
1039.699186612218
1039.7245554936212
1039.7538856004276
1039.7758625629522
1039.814305935309
1039.8478611636826
1039.8819014059459
1039.9306909054294
1039.9691771277635
1039.981156779272
1039.997622913659
1040.020612953089
1040.0423707131772
1040.0867165318862
1040.1354670991852
1040.1911282300423
1040.2357381746872
1040.2685897470792
1040.291137424714
1040.3127153692867
1040.3154025484316
1040.2957642057029
1040.262649732375
1040.2315153883967
1040.2113921868831
1040.1976534774274
1040.162559073614
1040.1043915414828
1040.0464868905565
1039.9719205140664
1039.9588471802401
1039.947490941882
1039.9067185278789
1039.827195439664
1039.7408028095413
1039.6352984676246
1039.5405826669103
1039.4692040884916
1039.3987947171156
1039.3536605365573
1039.3197990396857
1039.2810498008512
1039.241552134148
1039.1959339753337
1039.134860461298
1039.0627348325893
1038.9969942228645
1038.9344237213447
1038.8779733874578
1038.8127172727704
1038.7454791188297
1038.690526759935
1038.6468461663064
1038.5914099064555
1038.5185825697972
1038.4413065998401
1038.3679492283568
1038.2923908534362
1038.2231701960386
1038.1794897732916
1038.14782996002
1038.1311414253762
1038.1056008305425
1038.0950315126943
1038.0957331494108
1038.1026021162713
1038.1082376234624
1038.1138731368526
1038.117307625619
1038.1224593595286
1038.1243945118217
1038.1195086564433
1038.1151545805142
1038.1193866556305
1038.1336561678106
1038.0861212275247
1038.1086143893904
1038.1330905859397
1038.162234588161
1038.184994008274
1038.2025547074672
1038.2132468261555
1038.2090155213205
1038.2133701487737
1038.2385969339066
1038.2859293605684
1038.3364308958787
1038.404682671014
1038.470951544908
1038.5396866310832
1038.6033965064748
1038.6563656130368
1038.7181860949595
1038.7844549769006
1038.8433252656257
1038.8862563325872
1038.9208208169746
1038.9561342756967
1038.9874393979705
1039.035213724177
1039.0798630143036
1039.1350360368936
1039.1882277927405
1039.2352993544584
1039.2595618022744
1039.2862902202055
1039.3115655235308
1039.334375012028
1039.383428748744
1039.4403642996126
1039.5029362488792
1039.572641236502
1039.6369731220937
1039.6855426798775
1039.7142525710747
1039.7297084854808
1039.7200585091489
1039.7236719703155
1039.707162186785
1039.672025115468
1039.6629113070396
1039.651110955026
1039.6753746128877
1039.695761631422
1039.7131560562623
1039.722227360593
1039.7317832865074
1039.7352179729044
1039.762695478665
1039.7864748837346
1039.7810593912322
1039.7538452734457
1039.6868688195027
1039.6117903735842
1039.5254390251368
1039.4292685091787
1039.348554214142
1039.2614552392574
1039.1692044952572
1039.0948757960464
1039.0092750582794
1038.9182582296173
1038.8267575380846
1038.745076820816
1038.6636615725326
1038.5888508219268
1038.5078740292065
1038.4217454267125
1038.3464042868357
1038.2863001703017
1038.224962761809
1038.1734451294124
1038.1361493836791
1038.100353045524
1038.0483519351299
1037.9983342724863
1037.948800586403
1037.9093042967988
1037.8744760783375
1037.8347625607914
1037.7938156554417
1037.776860746542
1037.7640902211133
1037.7567869499317
1037.7665367056823
1037.7906753070788
1037.8123464537662
1037.8263987935454
1037.849737910488
1037.877163914704
1037.9092579427395
1037.936200636079
1037.9572905342827
1037.973978645167
1038.002421072354
1038.01052326248
1038.0171260641996
1038.0185773065805
1038.0095557730342
1038.0063391881354
1037.997971010785
1037.998938484719
1037.9888530634435
1037.9907879872408
1038.0042595926896
1038.0336698448023
1038.0697792383967
1038.1039053738111
1038.1507536796873
1038.195401061272
1038.2427334424237
1038.280948740278
1038.3346665711238
1038.3934893163266
1038.4498928085966
1038.509465792898
1038.551382637895
1038.594048939046
1038.6215251504616
1038.6526548975414
1038.6823325655637
1038.7012225621374
1038.722798037542
1038.7585959181922
1038.7786734655108
1038.8130192235328
1038.8331425469369
1038.8461318881978
1038.841728994457
1038.8343756845247
1038.8351246679213
1038.8493471252903
1038.876823754364
1038.913371061469
1038.9545861258168
1038.996550076285
1039.0343306202378
1039.0880512061358
1039.1300151951464
1039.157976379532
1039.155026083949
1039.12803349426
1039.1074258320464
1039.1010409024095
1039.1191825513183
1039.1294864000588
1039.1378530236707
1039.1201956751565
1039.1037713657252
1039.0910461363026
1039.1020986281655
1039.1035960466816
1039.078585413102
1039.0327029192295
1038.9519905621514
1038.8803489939678
1038.801399861144
1038.7211724834376
1038.6487824097533
1038.5832613397404
1038.51457098407
1038.4375599213165
1038.3571148015142
1038.2837573430852
1038.2263389650745
1038.1657519068885
1038.1026981406665
1038.0445783472048
1037.9835081239253
1037.9123523956303
1037.8593849780368
1037.8157048086348
1037.7904302970571
1037.7685901989785
1037.7526517222302
1037.7441148984167
1037.7368117087162
1037.728541355429
1037.7268733575756
1037.711783552972
1037.6775388503468
1037.6452288305877
1037.599182098421
1037.5585041773206
1037.5153593197012
1037.4793497708897
1037.4572940820658
1037.4504256753244
1037.4763492118075
1037.5118753631077
1037.5449345282284
1037.5716585201856
1037.594948318199
1037.5993496702552
1037.5617896395843
1037.471364795165
1037.3828750545683
1037.2898843969454
1037.2609099950275
1037.330294281819
1037.4271530623162
1037.557871844798
1037.6530645223006
1037.7496101870427
1037.89595569022
1038.0556058912155
1038.212573149341
1038.3516204030593
1038.4651760290656
1038.539235962722
1038.592470492458
1038.638087000453
1038.6709797685874
1038.6763965227983
1038.6641567504366
1038.6543373701234
1038.6535882647604
1038.6589590333556
1038.6483904954016
1038.6474223671728
1038.635885693674
1038.635666706371
1038.664375803176
1038.6756474347776
1038.6773646824981
1038.689869505406
1038.6933040043257
1038.6822973410153
1038.6958161823839
1038.6938798179808
1038.6929116358915
1038.6811559597832
1038.6821699900318
1038.6821699900318
1038.7125960317398
1038.74865789045
1038.778334992944
1038.7839708376864
1038.7699681098572
1038.743022074658
1038.7523572155744
1038.8007044821657
1038.851472556554
1038.8789483310304
1038.8880187094314
1038.9103428132842
1038.9370698522846
1038.967715692165
1039.0032489039734
1039.0285234658554
1039.0422615081657
1039.039311265407
1039.0143011739158
1038.9706210916358
1038.9355272450189
1038.9200719815808
1038.8844939206772
1038.8570179370154
1038.8096839718294
1038.773493628365
1038.7457531611826
1038.7162954058203
1038.6966568678663
1038.680717728025
1038.6581287889264
1038.633338505018
1038.5890018673479
1038.542683335717
1038.4841724464868
1038.4101613994367
1038.317964912683
1038.2436902052805
1038.1689324052882
1038.112314356895
1038.0767383833677
1038.0397110898002
1037.978256453623
1037.9473003966166
1037.9212777396683
1037.9094756642648
1037.8954727171238
1037.8915064330874
1037.8731017632426
1037.8421935501624
1037.8093020969022
1037.7793611856248
1037.7509199854308
1037.7165776216011
1037.6844360051493
1037.6596956029114
1037.649925702438
1037.6418729455406
1037.6216817906306
1037.629300033201
1037.6675103078778
1037.7285267618083
1037.7855772937173
1037.8411776641587
1037.8759554526764
1037.887926973572
1037.8856776859714
1037.857187430925
1037.8591221265228
1037.8576225100392
1037.864708678468
1037.8828476501192
1037.9032359927892
1037.9251237455328
1037.9464793296052
1037.9700357711379
1037.976904392228
1037.972720391675
1037.964400577216
1037.9681008440416
1037.9832892761106
1038.0016942387874
1038.0374886619597
1038.0880359196358
1038.1466851536086
1038.219289910629
1038.2892099557803
1038.3424422897474
1038.39395754431
1038.4395721168157
1038.4609275114965
1038.4886676005249
1038.5039033729156
1038.5338445326558
1038.564753739966
1038.5811764497346
1038.58337767936
1038.5767739961138
1038.560835344763
1038.5279900714747
1038.5042148055902
1038.478238463288
1038.4826407895835
1038.5091011781403
1038.51645388039
1038.510553213203
1038.4950986495098
1038.4779269216933
1038.4615044011098
1038.454635723491
1038.474008584084
1038.5036845172153
1038.5365297581154
1038.5652377789565
1038.6047329451349
1038.6393415629655
1038.6817870399284
1038.7288999679463
1038.7387189475794
1038.743167021386
1038.715956970079
1038.6612722823631
1038.5957548901342
1038.533671782192
1038.4772704683753
1038.4233822981862
1038.3819987037773
1038.3320299379025
1038.3055706107668
1038.2739600884788
1038.2234615793584
1038.1660950040116
1038.1283662372964
1038.0898883052712
1038.031166646875
1037.9856510118288
1037.9303176252747
1037.8877057644913
1037.8752509101876
1037.8662301352508
1037.876048430483
1037.9019256413503
1037.9268357015467
1037.9471265103573
1037.9730524095064
1037.9948426407375
1038.0036459816642
1037.985242033807
1037.950151181557
1037.8934881025468
1037.8049991569662
1037.734019321532
1037.6608869632305
1037.610076141101
1037.5810540925675
1037.5611499660629
1037.5382951293172
1037.517157232714
1037.5048711600734
1037.4989698625004
1037.5009038791704
1037.519041725407
1037.52784412966
1037.533478913983
1037.5366465639368
1037.5270940730134
1037.5325118754877
1037.5430809153252
1037.571037838917
1037.6088138038547
1037.6487904894348
1037.7020204408243
1037.729227761939
1037.7469312011397
1037.7656018096493
1037.7864730926879
1037.8038615744604
1037.8311175516326
1037.861057913537
1037.8934167754412
1037.8936827550037
1037.8814453630089
1037.8848795507324
1037.875060686868
1037.903767590452
1037.9238890151223
1037.9543130096401
1038.0176276537077
1038.0961303956922
1038.174633271157
1038.2475010653302
1038.316450749958
1038.3652790301007
1038.413842114203
1038.4435170463162
1038.4677755751652
1038.457691722646
1038.4368674191628
1038.4290309760563
1038.4462021481681
1038.4565048562956
1038.482261642563
1038.5053332828763
1038.5136538434115
1038.4933134488228
1038.4651366566547
1038.4506506375672
1038.4418462120195
1038.3974665858455
1038.3616726535395
1038.3523845062857
1038.3622031244058
1038.3820591036526
1038.4019151338732
1038.4414084758232
1038.4813858859773
1038.512293813903
1038.4907665444657
1038.4396572660082
1038.3841006969485
1038.3176195219671
1038.251403755192
1038.191572557753
1038.15111291164
1038.1050184642904
1038.0464212297381
1037.9931934937783
1037.935441812306
1037.8607392934323
1037.7762199171514
1037.698859628771
1037.6090447562071
1037.4909668947196
1037.4246091552454
1037.3712852716703
1037.3331963346297
1037.296823975777
1037.2515831595351
1037.2264126621164
1037.185923814387
1037.154136678857
1037.1759392846718
1037.1775562089883
1037.175039244207
1037.1688217264905
1037.1512857807336
1037.1620862167908
1037.1773374689876
1037.1916723840177
1037.2018735527179
1037.2287613088786
1037.2669683801437
1037.2985744927119
1037.3296973516701
1037.3672049779846
1037.397844674757
1037.4233831040347
1037.4464543974582
1037.471726185656
1037.484228836044
1037.4866958515115
1037.4866958515115
1037.489162860433
1037.4766602283637
1037.4550890426156
1037.4418860058518
1037.4365180262505
1037.4426360257048
1037.451487565406
1037.4745586062047
1037.499830145387
1037.5319697008924
1037.5623922534294
1037.5984494041577
1037.6286057395048
1037.6577949533512
1037.7024859608416
1037.750828331605
1037.7890862600007
1037.8153251620665
1037.828577598069
1037.8418300265178
1037.8668356855687
1037.8943080020306
1037.9205470635106
1037.944585395237
1037.9561208088417
1037.9509697365954
1037.940449607701
1037.959118801553
1038.0037612937026
1038.0587059933864
1038.111449928863
1038.1433711704058
1038.1718113029292
1038.1685957037982
1038.160494421063
1038.156092632472
1038.1310865416494
1038.1095145641943
1038.0955128679627
1038.0163190722283
1038.0026603950362
1037.991249207898
1037.974250389308
1037.9619184882458
1037.9684732339592
1037.9811940483878
1037.9880145160507
1037.9755117775092
1037.9328527010223
1037.9188987834348
1037.9270952611348
1037.9499947380102
1037.9735958425597
1037.9836793670092
1037.98522541932
1037.9990082313436
1037.9818861340398
1037.9793725571258
1037.9933263415296
1037.9916093975805
1037.9711007494436
1037.9420077210445
1037.916519584242
1037.8805119894214
1037.848905933552
1037.8173000567201
1037.7768441451415
1037.7428940542763
1037.7074924136664
1037.6767574340547
1037.654437545845
1037.6271844871405
1037.5798606191195
1037.54257217132
1037.50775044131
1037.4861314678105
1037.4647295971172
1037.4580791181897
1037.4514286069634
1037.4508958782367
1037.4425283725336
1037.419941864998
1037.3828698774616
1037.347998140118
1037.3018577087967
1037.2542669199047
1037.2277627676026
1037.2186946968263
1037.2204116308885
1037.2319467700884
1037.2324301721576
1037.246165653969
1037.266285469201
1037.2915560873228
1037.2942897207622
1037.2555503978406
1037.2374143032107
1037.217561330962
1037.192557650055
1037.1741549146764
1037.1628364044561
1037.1476509386912
1037.1262976922317
1037.1010272395513
1037.0804242137417
1037.0735565417117
1037.079190621094
1037.0961433954997
1037.1140627945924
1037.121680677378
1037.1241478053269
1037.149901513826
1037.167820833967
1037.1786558659228
1037.186540396409
1037.1985587393015
1037.204726292072
1037.220445108437
1037.2226454152096
1037.2309632517304
1037.2461487440612
1037.2890714866592
1037.3428288000293
1037.3946025456455
1037.438758710796
1037.475563710819
1037.5025507615414
1037.5219203654979
1037.539573084601
1037.5640935053605
1037.573645271563
1037.5706950138779
1037.5792796232831
1037.5915642173493
1037.6116836624326
1037.6416210070636
1037.653905489965
1037.6468202298531
1037.6201478125665
1037.5954100306421
1037.5898243154534
1037.5858350268632
1037.5876972791912
1037.5895109250437
1037.58150709422
1037.5869718774313
1037.6040435574014
1037.6466503830509
1037.6744080041017
1037.7321526244464
1037.7921465467389
1037.8512687562088
1037.9133408844652
1037.9665632848992
1038.0136675424721
1038.0289007121712
1037.9945167742806
1037.9522975729953
1037.8951102553615
1037.8369552109684
1037.78910120151
1037.7459139619987
1037.7064262149804
1037.6532036841668
1037.6016981018151
1037.5553431555984
1037.5161217844936
1037.4779164634604
1037.4464321381813
1037.4397331015039
1037.4343162814337
1037.4161316269883
1037.399180233545
1037.3815281321088
1037.3582419988386
1037.2836673541885
1037.1914408506561
1037.1110158470065
1037.0386417547534
1036.988586519983
1036.9576834367817
1036.939548522062
1036.9380479454346
1036.943948743665
1036.9482982324157
1036.953181756087
1036.9661662565825
1036.9735169432897
1036.9889686039085
1036.9936358605985
1037.0090875242468
1037.0218557161154
1037.0260396373058
1037.0440087429438
1037.0624610003629
1037.0720621399294
1037.0757625991807
1037.0745291143999
1037.068895274946
1037.061494323067
1037.0529101467412
1037.0374586357327
1037.017873712264
1036.9921718059334
1036.985571432952
1036.9797212894957
1036.9829385152016
1036.9935062609916
1037.005523923435
1037.0136246505278
1037.0280589489873
1037.0540779635785
1037.0852473563175
1037.1112662514113
1037.1443690717447
1037.1760217476667
1037.204240764871
1037.2312759537253
1037.266628503117
1037.2906638086063
1037.2997313223184
1037.3198003041234
1037.3604712757103
1037.4090258949454
1037.4492626844867
1037.4600472035613
1037.4493115119037
1037.4302091464012
1037.3995726974808
1037.3797697498007
1037.3753200913038
1037.356484297422
1037.3274461258611
1037.286874526574
1037.2531213257168
1037.2364372939662
1037.2177700883572
1037.2094033364936
1037.2032367377449
1037.190952958209
1037.1833360058292
1037.184786274579
1037.1771692941795
1037.183552932944
1037.186769528286
1037.193419620207
1037.212570408955
1037.2331714990762
1037.2494707286182
1037.278753682063
1037.3075036971527
1037.3379702081618
1037.3716037973566
1037.3932202049689
1037.4194545737198
1037.4345420098327
1037.4072430078743
1037.3814430624182
1037.360744308308
1037.3454617570922
1037.3199274353349
1037.3010429617723
1037.2914429586156
1037.2970767586587
1037.2955771197123
1037.2935939915449
1037.2864605054476
1037.2906439051173
1037.2935939915449
1037.2911766124482
1037.265642056703
1037.2482078626722
1037.2347400713204
1037.2247058676103
1037.2350065069147
1037.2362398328091
1037.2431069245952
1037.2391899290844
1037.2396733784997
1037.2479908299931
1037.276692568471
1037.2972938977055
1037.3083443773432
1037.3162275922537
1037.3429462076624
1037.3515300913612
1037.3591469541798
1037.3576964192055
1037.3091433248444
1037.2770081949527
1037.2333391471404
1037.215204599949
1037.1872529529403
1037.1100485637523
1037.0163774404905
1036.9555916395318
1036.8952895340656
1036.8327878135135
1036.8700218662434
1037.001726969856
1037.1236154790968
1037.225169904257
1037.3119743463162
1037.3816604308568
1037.4042443610474
1037.4049940277587
1037.4023101938385
1037.4104103916884
1037.4179783807601
1037.4332116840676
1037.4513463255598
1037.4697470401452
1037.4888973282593
1037.5183480728983
1037.531816158692
1037.5492496098027
1037.5458642837125
1037.5267623841353
1037.4958126997426
1037.469094358033
1037.4609942176771
1037.4458095717955
1037.4066392974707
1037.3844191614942
1037.371749848843
1037.3570978322955
1037.3541966413272
1037.3547288233551
1037.3446232187225
1037.3153198528278
1037.2727673735726
1037.2446492874362
1037.2420144483428
1037.2572465210274
1037.2760319025463
1037.277433749206
1037.2662156967394
1037.2656347399068
1037.2773363122567
1037.3001848016168
1037.3423996522583
1037.4149819347274
1037.4677141817986
1037.5221631150941
1037.5794663804134
1037.6450405957207
1037.6879576168974
1037.7259428786717
1037.7744939287854
1037.824278023776
1037.8645111185776
1037.9250327429813
1037.9828705121893
1038.03754034678
1038.0853435410186
1038.1132950777596
1038.1135140365282
1038.098063461664
1038.03894573666
1037.9820285925152
1037.9138433918672
1037.8370746784294
1037.7647542468837
1037.70123593581
1037.6269338599416
1037.564648940687
1037.4947961001185
1037.3991936208324
1037.2998925261354
1037.2084256364726
1037.1289757372192
1037.0576260177704
1037.0004931526412
1036.959510292024
1036.9217440119016
1036.8905776144943
1036.876361136515
1036.8721777740209
1036.8773277198552
1036.8893442636775
1036.9087107214966
1036.9229272509933
1036.9344605048332
1036.9403604692022
1036.9617102778188
1036.9752267689814
1036.9889599609187
1036.9921764975857
1036.9882598542217
1036.9735600083304
1036.9688934226558
1036.9752766509218
1036.9863264496466
1036.9897597330373
1036.9995762275162
1037.0108925375032
1037.0270921743902
1037.0422754177553
1037.0496253655351
1037.0290256696953
1037.0084259884302
1037.0010760714445
1036.9878761171726
1036.9748929967966
1036.960459880013
1036.918960058439
1036.8547128491962
1036.8596630862185
1036.8685794407754
1036.8748625144908
1036.8882285801287
1036.9119442065542
1036.9339434425644
1036.9618426016361
1036.9724087857473
1036.984958058055
1037.0014238067834
1037.0115064763752
1037.0130061483662
1037.0005066447065
1036.9987900558604
1037.0112895579334
1037.0245388991802
1037.0321550731883
1037.0380546444753
1037.0358546648336
1037.0412708262038
1037.0543030744022
1037.0648689159682
1037.0790849683349
1037.0764015566522
1037.0683020743618
1037.0685684179095
1037.0914165306344
1037.12333079873
1037.1738610261311
1037.219458913603
1037.223787620584
1037.2258673933095
1037.2232323926664
1037.2208633861262
1037.2271004311642
1037.2480854506562
1037.273470874242
1037.2969224905555
1037.3220909453064
1037.318294950455
1037.356664076126
1037.3908993163436
1037.4224511954394
1037.4640852160226
1037.4915030649581
1037.5174701929564
1037.5397862202547
1037.5824360961506
1037.6128516439844
1037.6217003161933
1037.606734404774
1037.5765845065987
1037.5375859537137
1037.5084034765696
1037.4858217340216
1037.4522388266155
1037.4279884940563
1037.4056725966316
1037.3816401108409
1037.367907270724
1037.3681731858953
1037.375789062528
1037.3777715567346
1037.3871040000413
1037.3849038293165
1037.3871040000413
1037.3792704701004
1037.3886028901825
1037.3910689225784
1037.4138682213074
1037.426851576642
1037.4457341501864
1037.468533551236
1037.4604820675827
1037.4663812129165
1037.4570967715295
1037.4222814231998
1037.3423514757503
1037.2717057903078
1037.2052428217526
1037.1400130590448
1037.0826165537358
1037.019586955368
1036.958273993992
1036.8894944596543
1036.8353150427981
1036.8029675038636
1036.7735196964566
1036.7225069157028
1036.6938090883016
1036.667794216277
1036.6481622236422
1036.624130755684
1036.6069654335724
1036.584383504419
1036.5669511243805
1036.5390034415943
1036.5197406454683
1036.4994606850732
1036.4933960145647
1036.5071790589664
1036.5440774031804
1036.5679427170644
1036.6015727659935
1036.6273198814697
1036.644701019312
1036.66503197286
1036.6753308744546
1036.6890627489138
1036.7101438197524
1036.7353577076985
1036.7419569719505
1036.743673468329
1036.7350909874483
1036.7451734060526
1036.769954260316
1036.7969348683787
1036.8152159874135
1036.8268475450625
1036.8384788294304
1036.8422278258774
1036.8435105235117
1036.8401272133815
1036.8318115018092
1036.8437274011083
1036.857626288182
1036.8820409655184
1036.9294705176574
1036.9607519718154
1036.9763681698187
1036.997400409933
1037.0162328763342
1037.0301821829057
1037.0561472941051
1037.0742795102772
1037.1176764605489
1037.1583900360645
1037.2042532643086
1037.2403007458238
1037.2349336165137
1037.243999851049
1037.2658314264568
1037.3065450120696
1037.3428583868415
1037.374989217807
1037.4064186074531
1037.436349202168
1037.4623630482927
1037.4863946727871
1037.4599449062534
1037.3917670001695
1037.3179560312203
1037.243395755524
1037.1588024679868
1037.1004407290902
1037.0634269801471
1037.0249139465282
1036.9947664158967
1036.9518536454639
1036.918273278847
1036.8805101741284
1036.8410306170201
1036.8140499069796
1036.7831529129655
1036.7532224847914
1036.7265085090978
1036.7130433021841
1036.6975948776158
1036.6760305336072
1036.6510332761602
1036.624052731078
1036.5968559110431
1036.5801742951255
1036.565959285173
1036.5561435851546
1036.5485275207893
1036.539945122926
1036.5286799409039
1036.5149481284936
1036.5127485063674
1036.514248865947
1036.5132825705828
1036.5176818098628
1036.5176818098628
1036.523314378597
1036.533130062493
1036.5476627688595
1036.5819921126822
1036.614388689221
1036.650968118148
1036.6792318008029
1036.7013292167626
1036.708461731254
1036.708561928256
1036.7154276957701
1036.7230433750692
1036.7277094292247
1036.7191272292105
1036.7009963255923
1036.6914476396291
1036.6943972563815
1036.697346870045
1036.7171941718004
1036.7512563216558
1036.780919125778
1036.8086487453547
1036.843993853607
1036.8893710713603
1036.9222498034394
1036.9397788919532
1036.9592411489423
1036.978969264433
1037.0059971573485
1037.0495593266562
1037.0835729640592
1037.1190858865311
1037.1641482329192
1037.1971958348493
1037.2373272060008
1037.2863072196224
1037.31077341006
1037.3394220911832
1037.3570705492173
1037.3087320613733
1037.3455054886879
1037.367410553611
1037.3910798852655
1037.4167315210752
1037.4438818114302
1037.4764472713123
1037.5254286323634
1037.561693047806
1037.6121733013567
1037.6496709005755
1037.6631376264252
1037.6736551353656
1037.6702221248281
1037.6582065911348
1037.6498425147315
1037.6571922856951
1037.6704406103984
1037.6802559107264
1037.665961854782
1037.6894622596271
1037.7110277147808
1037.7485255023253
1037.779157428753
1037.8191208726944
1037.8299037492054
1037.8029234418036
1037.7553450536916
1037.65397555363
1037.6138275124238
1037.5658918212573
1037.5204207690679
1037.4664139688032
1037.410206657609
1037.3300162449812
1037.252775358673
1037.1946332924124
1037.138957067606
1037.104361810404
1037.0815643785274
1037.0553340740603
1037.0280175222244
1037.0123034182775
1037.0029716183928
1037.0051714730057
1036.9825915248114
1036.9431133927867
1036.9006858011296
1036.849676049809
1036.7849348729826
1036.7267928758672
1036.6796992956056
1036.6331392196244
1036.5983275278597
1036.5774636266015
1036.567165085919
1036.5602993941543
1036.550801484255
1036.5703670109526
1036.585598114282
1036.6028122804105
1036.6170767802726
1036.6323076555748
1036.6500047324016
1036.650271368042
1036.6510212457893
1036.658586606141
1036.674250637014
1036.692164282517
1036.713027380037
1036.7419890141318
1036.771749869796
1036.7958778956058
1036.8084250913994
1036.8099244470923
1036.7641158837664
1036.7018940886037
1036.653570340052
1036.58100136068
1036.5539229657306
1036.5523728433513
1036.5914817723292
1036.6142777123962
1036.645172278835
1036.682932349003
1036.7295408235254
1036.771917173671
1036.8263085062101
1036.8730850021657
1036.9132625725533
1036.944108729612
1036.9794037277716
1036.993618441311
1037.0061167603146
1037.0168986800218
1037.0284301642841
1037.037278346977
1037.0389947613478
1037.0316456680735
1037.0323464327782
1037.0279467304626
1037.03481239315
1037.0507435853544
1037.0672069114678
1037.0826546450307
1037.0937026168888
1037.1005682746884
1037.119448841985
1037.1547441766959
1037.1724401580216
1037.175655354454
1037.150876180485
1037.1341955510254
1037.138595360924
1037.174640084477
1037.2095000901686
1037.2283806439805
1037.2435626040724
1037.2509118272137
1037.271992426654
1037.2921059187538
1037.3259507838518
1037.3845747860244
1037.4637958310213
1037.5354021089215
1037.5846948761612
1037.6096923953498
1037.5993937903577
1037.5787965913012
1037.5675305682623
1037.549133546077
1037.5255872278449
1037.5008081553556
1037.471894296313
1037.4481298118405
1037.4270491172958
1037.3956699560756
1037.3568940151986
1037.3064164216862
1037.2622733160429
1037.2102975367866
1037.1489904936136
1037.087466037754
1037.03737581116
1036.9810007427504
1036.9319748997827
1036.8814991400561
1036.8444883900595
1036.8047947276941
1036.7793155420559
1036.7242246444248
1036.661252611048
1036.6158111117982
1036.5865170616892
1036.5812015420356
1036.581251529258
1036.59256570326
1036.590416088084
1036.593532178311
1036.6037800389577
1036.6194434315676
1036.6355901425698
1036.6546862952353
1036.6691665773358
1036.6640176395551
1036.6742658017238
1036.6960450139939
1036.7122416894344
1036.7467851092747
1036.771297060862
1036.8021910597588
1036.8304020525525
1036.840216702545
1036.8439156267177
1036.8448823453039
1036.8419330364707
1036.845099445943
1036.8441327289604
1036.8553974680372
1036.8737447384558
1036.8950414306028
1036.9258867973194
1036.9521155691705
1036.9795285564705
1037.010906611176
1037.0440011024791
1037.085943488182
1037.1215038493083
1037.1543326425217
1037.1633980562267
1037.1842123499157
1037.2021255297495
1037.233286210423
1037.2700795485025
1037.299258103152
1037.3237711200934
1037.3453350072598
1037.3681317268724
1037.399244973688
1037.40267777213
1037.3640341739117
1037.36609245773
1037.3782305515228
1037.4080633301244
1037.446743726342
1037.4881082364484
1037.5153052105122
1037.5429859959925
1037.5753324025493
1037.5981294161072
1037.6277921089827
1037.6295085190768
1037.6258571023457
1037.6180239808562
1037.609707130606
1037.6048231000077
1037.5849752567017
1037.5812772614274
1037.5972085854362
1037.6273549022524
1037.6475144330852
1037.6793771690009
1037.7019554148753
1037.713751415804
1037.732896757315
1037.7383108981733
1037.704466842964
1037.6603244469884
1037.6112515097602
1037.5616946790544
1037.5116540336855
1037.4554968140799
1037.3991214813814
1037.333197321543
1037.2613752951484
1037.198135466903
1037.1234613475153
1037.0732039182087
1037.0175316240604
1036.9858880612194
1036.9512952043945
1036.9161970487194
1036.8949006580008
1036.879817816098
1036.867418148909
1036.8532534382675
1036.824875352338
1036.8019825289637
1036.7815552291445
1036.7642939370053
1036.7424161302497
1036.711739739686
1036.6857288624178
1036.6425549460457
1036.619976539546
1036.5942320689408
1036.5895664116888
1036.5951985425036
1036.6111284826563
1036.6231425909223
1036.632257162381
1036.6518861985078
1036.6763976381742
1036.7026749636036
1036.7196210000557
1036.7137224310009
1036.715655633719
1036.7198379204328
1036.724020197595
1036.7433827613913
1036.779109433805
1036.8075370553604
1036.8334988472038
1036.844763469513
1036.8435305140551
1036.8462135596749
1036.8466969231006
1036.8481470134925
1036.854479853826
1036.8655274206428
1036.891006181921
1036.9140680563203
1036.9451793639132
1036.9706583692562
1036.9973703773771
1037.0309478542945
1037.0596423254167
1037.0772893011508
1037.1022852073684
1037.1228814677224
1037.1466446337733
1037.169924362696
1037.196902641247
1037.236161160106
1037.2763867268216
1037.2996666349964
1037.3099648331658
1037.3325431525207
1037.3499723258753
1037.37276869441
1037.3955651028978
1037.4122451419014
1037.405910521087
1037.398561426227
1037.4042413473571
1037.420437608081
1037.430735746998
1037.4461829622026
1037.4549830878532
1037.4618485351345
1037.4728957053921
1037.4780447887708
1037.484910234692
1037.5091577482133
1037.5334053704792
1037.5660164441892
1037.6025440524418
1037.63907174222
1037.6628823264002
1037.6920607546501
1037.7138898847456
1037.740868149179
1037.7707953382935
1037.81687283263
1037.864183041559
1037.8913805877569
1037.891115876193
1037.8629049059307
1037.819511162426
1037.7770851968485
1037.7540233698764
1037.7184629650562
1037.6645060662581
1037.6042139027436
1037.5268518858647
1037.445309620721
1037.3580889136072
1037.2804180555352
1037.2186783259356
1037.1647714054175
1037.1265772346217
1037.0971825413712
1037.0567409789587
1037.0209166211155
1036.983859316715
1036.947551301978
1036.9151592047829
1036.8827670078485
1036.8520910032134
1036.830745940174
1036.812833434787
1036.797919303197
1036.780420604949
1036.7586908474018
1036.7433429486898
1036.7220969058953
1036.722264728241
1036.7209825443795
1036.722383205344
1036.7088207665204
1036.693324943215
1036.6758463057251
1036.6544516186082
1036.6632002012925
1036.6675496710686
1036.6666824290485
1036.6835292808307
1036.6878788380668
1036.7015596938156
1036.7089082327982
1036.7321869135426
1036.734603436852
1036.740452609628
1036.7436188566799
1036.7406695079712
1036.7394364849065
1036.7463018008511
1036.7406010147884
1036.7589476960648
1036.782443438887
1036.8000899770686
1036.8302341617116
1036.8645606777347
1036.9155671298809
1036.962391470435
1037.0040669240761
1037.0322292528144
1037.0592072645893
1037.0849524140112
1037.1117127878058
1037.1413741187675
1037.1651371719504
1037.197264259897
1037.2315912596307
1037.259802094292
1037.2911800172637
1037.3169253335677
1037.3373035041366
1037.3623470258246
1037.3829432356174
1037.4001067549077
1037.4334664946164
1037.4663425225015
1037.4928367766358
1037.5168657138931
1037.5496949879628
1037.5739426026648
1037.6033394316482
1037.624200948907
1037.6452811361517
1037.659058371713
1037.6760032247114
1037.6914504859142
1037.727759040444
1037.7422386559151
1037.7481364457535
1037.743736071941
1037.7520529967096
1037.7689517672359
1037.7814501680018
1037.7821988437838
1037.7719464933448
1037.7790767475383
1037.7866908284393
1037.8241859086704
1037.858293933267
1037.8442157412778
1037.808309367325
1037.7652280075754
1037.729715184931
1037.6961837246467
1037.660671412944
1037.6344894109309
1037.5960288033375
1037.565400988099
1037.5268016607242
1037.47376912631
1037.428708936452
1037.400546519266
1037.3735699361505
1037.345407755215
1037.3054973375845
1037.25845686312
1037.204864671553
1037.139980997604
1037.102783566894
1037.059734947392
1037.0228490446887
1036.9970092346175
1036.966068615287
1036.9493412066677
1036.931646791681
1036.9203338730586
1036.8974904820739
1036.868216484344
1036.8382414426728
1036.808532344798
1036.7903537208867
1036.7643432043071
1036.7449807712135
1036.7363993648466
1036.726584991409
1036.7199862233606
1036.7182699450577
1036.7152712637903
1036.70470716563
1036.7012250800935
1036.6896943231122
1036.6960762029214
1036.6995087876014
1036.7046576653806
1036.7151723330107
1036.7239707378737
1036.726436727387
1036.726920033403
1036.7291196403721
1036.72938601809
1036.7521812256734
1036.768377581293
1036.7965880085435
1036.8296810837214
1036.8718391380276
1036.91474684086
1036.960821195246
1037.0054454101667
1037.0594006619283
1037.1038073049695
1037.1401157669484
1037.170308139349
1037.2024345918867
1037.2340774783986
1037.2791853285783
1037.3139953547202
1037.3475727572522
1037.3875319376598
1037.4304402092866
1037.4642831860372
1037.5032751718622
1037.5253689938784
1037.5332017691994
1037.5452161151966
1037.550848852955
1037.5586816691873
1037.5527837763987
1037.5321877013866
1037.518191792143
1037.5120286307515
1037.5031816739838
1037.4909019923314
1037.466389440354
1037.4337788818561
1037.398001069305
1037.357558027689
1037.3117480293067
1037.262989302044
1037.2181470744708
1037.1886294902963
1037.1549306091954
1037.11506857547
1037.0918381155127
1037.0801380315318
1037.0902176702407
1037.1216412810347
1037.164812781829
1037.2265025328325
1037.285509691076
1037.315606287131
1037.3212387368187
1037.3084757738043
1037.2917966241632
1037.2587985342982
1037.2228519546447
1037.1871238550882
1037.1485698546294
1037.1188624303186
1037.099983732811
1037.0833048000675
1037.0568118901883
1037.020021483017
1036.9778647421306
1036.9488093226685
1036.928963687425
1036.9147502659775
1036.8892725698172
1036.8561805433962
1036.8247070565642
1036.7781511635194
1036.7351466078533
1036.7005058032037
1036.6661310674135
1036.649185253687
1036.648652351596
1036.6535347184595
1036.650851897119
1036.6601333746123
1036.660616651264
1036.6713976096387
1036.6843781524624
1036.6927426791306
1036.693975665131
1036.6954750404514
1036.6957414264123
1036.703356193185
1036.7075384031536
1036.7080217067996
1036.7041058617122
1036.692841646633
1036.6712798628153
1036.662165687728
1036.6626489677005
1036.664848519346
1036.7018568461258
1036.7293172684406
1036.7356990611509
1036.7413312113474
1036.7378986557253
1036.7437971247812
1036.746746354676
1036.7496955814815
1036.7585432433643
1036.766907542281
1036.7826202163412
1036.8073975404054
1036.8326582047764
1036.847355113247
1036.8696178136756
1036.8843148344736
1036.9117753473051
1036.9336036135005
1036.9745284754313
1037.0009737816931
1037.023769076736
1037.0396992187216
1037.0634615509014
1037.0767084800973
1037.0958054998673
1037.115434165801
1037.134797056026
1037.159356797064
1037.1944321058397
1037.2238749038518
1037.2542848058292
1037.2645826361565
1037.2758476571428
1037.2800293884766
1037.2883928224894
1037.3011560359819
1037.308770323972
1037.3303331916659
1037.3496961761816
1037.3686226545278
1037.3652371456199
1037.3645352163535
1037.372414712982
1037.3846940417507
1037.4044158844956
1037.4204395733216
1037.452876665205
1037.4899784045435
1037.5444608499392
1037.5942779954373
1037.634765036558
1037.6744118425893
1037.7098779604448
1037.7507580478105
1037.7840703500272
1037.7693268483972
1037.7489505586025
1037.7138762289783
1037.660671412944
1037.5972612973617
1037.5392195966303
1037.4859692514183
1037.4369000117147
1037.388797930527
1037.3390263592419
1037.2897384873588
1037.2419014163672
1037.2104301685206
1037.1772898858562
1037.1375021758024
1037.0913804873805
1037.0440258829274
1037.0020374917262
1036.9691621470995
1036.9509838772192
1036.9333375863293
1036.921323587985
1036.9060943571258
1036.903894666571
1036.9129595084341
1036.9362380990005
1036.966865363724
1036.9884278052407
1037.003656981985
1037.0159369723144
1037.0199013683452
1037.024083304331
1037.025098541214
1037.0180158306657
1036.988355638998
1036.9665274828822
1036.9483493101632
1036.9348364764392
1036.9056596881962
1036.8870466952615
1036.875032757655
1036.8578699982456
1036.8451554655358
1036.8439225706165
1036.8356073707637
1036.8316914644756
1036.8191942333215
1036.8081961094215
1036.8037968729989
1036.7890299876826
1036.8012118867946
1036.8203078162157
1036.853351142124
1036.8834943435074
1036.9089722502627
1036.9302682840075
1036.9503801142005
1036.975374813421
1036.9974204806258
1037.0241316057948
1037.041294429223
1037.0648389102614
1037.0810347541646
1037.1060297406832
1037.1334903266725
1037.1565512883508
1037.1796122207543
1037.2031566845412
1037.2279338576539
1037.2575943409124
1037.2840877827068
1037.2995343924224
1037.3104102504608
1037.3224242130668
1037.323656867625
1037.329867242849
1037.3549093470447
1037.3873000597641
1037.4193004646131
1037.42332442337
1037.4534673943326
1037.4745456588403
1037.514502333532
1037.540729348379
1037.5728537503423
1037.611751224154
1037.6535978554457
1037.69817459935
1037.7273053345216
1037.7444223919194
1037.764488247322
1037.7926971929376
1037.811183014928
1037.8457728552814
1037.8678648754276
1037.900912794985
1037.940342146787
1037.9775715463295
1038.0180141161552
1038.0555082420046
1038.0525596605446
1038.032932121794
1038.0093432662122
1037.986238181374
1037.967533410759
1037.9253289137087
1037.880924028339
1037.8286859877514
1037.7622335691085
1037.6957812358587
1037.6278776477443
1037.5614255879811
1037.4905735970922
1037.4212197296788
1037.3503683570505
1037.2782845509014
1037.2062009232143
1037.1316519872914
1037.0659502295262
1037.0122625251863
1036.9735378630844
1036.9384632971155
1036.9085374782478
1036.8827936064563
1036.8550674003488
1036.8271239101223
1036.8116776122133
1036.792581652451
1036.7830337028256
1036.7771354034576
1036.769037499269
1036.767055019841
1036.7584737599177
1036.7459766708002
1036.7266146055279
1036.7226987914028
1036.7298300609211
1036.7379279601864
1036.753857500065
1036.7771354034576
1036.7986971172381
1036.8268577641254
1036.8496525120952
1036.8665978197873
1036.8884257813402
1036.904355522589
1036.904355522589
1036.8943240046192
1036.8904080863756
1036.8717953446012
1036.86149783164
1036.8619812215954
1036.8607483580079
1036.863697474381
1036.878176956547
1036.8901907229567
1036.909335516522
1036.924781782119
1036.9463436832605
1036.94977619378
1036.9590584117132
1036.9784207284129
1036.999015881472
1037.0264761082124
1037.0219301536326
1037.01356310984
1037.0279937549994
1037.0437049150858
1037.0667165190714
1037.0924591132
1037.1094028604412
1037.1327276639117
1037.159219232751
1037.1888776926628
1037.2201580475455
1037.2451047490106
1037.2727821629305
1037.2972456181963
1037.3124262004274
1037.3280904772769
1037.333551262905
1037.3399324391307
1037.3428811971548
1037.3509785694341
1037.3609638200428
1037.3893439216502
1037.4167568894636
1037.4368213959856
1037.4419701109955
1037.436072550391
1037.4355888541115
1037.4513001337184
1037.477308787035
1037.5196846846923
1037.5681771585046
1037.6149538041102
1037.665912065733
1037.724968262199
1037.7732432788223
1037.8166343245562
1037.8333133230292
1037.839959179745
1037.8220478175035
1037.794322581118
1037.7614484203714
1037.7303361802633
1037.6962753577252
1037.6680662610231
1037.6351920906545
1037.587620091077
1037.5449319021325
1037.4917273421272
1037.4216253971247
1037.3605887825456
1037.305668431707
1037.246832080066
1037.196577159923
1037.1492713276812
1037.1038997418088
1037.046997913604
1036.9834969198084
1036.9346928308662
1036.9089492418484
1036.8922702716056
1036.8790237706207
1036.8773075322267
1036.8692097393075
1036.8469474048509
1036.8297850953552
1036.8121394258023
1036.798143459782
1036.8015759205405
1036.8109065665947
1036.8109554284988
1036.8028576793804
1036.7962589168862
1036.7874116696544
1036.7918108364058
1036.7984585025076
1036.8111726855127
1036.8290844268713
1036.8619100964047
1036.8817554595132
1036.9060487308216
1036.9080309369804
1036.8825048815406
1036.8479141803844
1036.8150885112016
1036.784462581066
1036.7805467790733
1036.7800634239447
1036.7955094221245
1036.7808129336036
1036.7734647023383
1036.7724979975233
1036.7904096651569
1036.810303617756
1036.826765053818
1036.8474082360863
1036.8643528800508
1036.8902412794555
1036.9043333346876
1036.91177799172
1036.933508287047
1036.9434913253585
1036.954223701531
1036.9814169837518
1037.0054437264125
1037.0223399659708
1037.0262558569327
1037.0348368643881
1037.045399776182
1037.0655106698102
1037.106215970097
1037.1287921695116
1037.1589347117615
1037.190888276282
1037.2152276804793
1037.2410176421754
1037.2741087844474
1037.3010841496166
1037.331491889675
1037.3712294184106
1037.4108738364516
1037.454653457414
1037.4938151042918
1037.5361446293364
1037.5748694843264
1037.608180824349
1037.6402598978902
1037.667939026202
1037.6860693022716
1037.7125618946154
1037.7437194013169
1037.7761092393064
1037.8285649748038
1037.880272476599
1037.9099330943266
1037.9425423778437
1037.9609374908086
1037.950639816977
1037.9123977727581
1037.8731879789175
1037.8351654747817
1037.7949427544313
1037.746403371725
1037.686334101641
1037.6282001209709
1037.5651822158682
1037.5058619695485
1037.4497559026352
1037.3931198200871
1037.3440507999755
1037.285214925023
1037.2381274204386
1037.1942543314751
1037.1763428741149
1037.1596640750429
1037.1420181828091
1037.1339205547713
1037.105493776095
1037.0861317314402
1037.0731511169224
1037.0623702589312
1037.046175006824
1037.0353941673075
1037.0145336989801
1037.0015531817899
1036.985623717626
1036.972111556756
1036.9799433705884
1037.003704725929
1037.0186673180465
1037.025532237582
1037.0084661819737
1036.971458726764
1036.9219061011856
1036.8851162479527
1036.862322082117
1036.8569074319553
1036.8534750054603
1036.8505259737299
1036.8458607244634
1036.8377630411157
1036.8240333261988
1036.8067027158208
1036.7983389711596
1036.7941570845026
1036.7705429953924
1036.751811610693
1036.74922639624
1036.744175539522
1036.7593547673425
1036.7760328459967
1036.7968439786316
1036.8252691780158
1036.8127737879176
1036.834067880086
1036.846032315144
1036.86609393452
1036.8974192554604
1036.9314759007007
1036.95368958252
1036.9695223769072
1036.9832036338262
1036.9971506738696
1037.003483922158
1037.0262297345712
1037.0448419997417
1037.069569908516
1037.0854990892021
1037.089510297029
1037.0990582410714
1037.1184197353546
1037.1402465095346
1037.1622913669528
1037.1879868037768
1037.2273647764166
1037.2741388643672
1037.306434622793
1037.3448936131474
1037.376316246412
1037.3988457018218
1037.422124113577
1037.4478676592432
1037.4687276066863
1037.485889969913
1037.5069685530668
1037.5135684800905
1037.50965226171
1037.5130847434689
1037.5184984879136
1037.5444608499392
1037.5716558134447
1037.603561874378
1037.6413192990685
1037.6869094238232
1037.7160857237395
1037.7518623934745
1037.7859229461785
1037.7871553337382
1037.7763738919416
1037.766824857876
1037.765373260641
1037.7558242600364
1037.7322805687013
1037.7082073780043
1037.6721659911204
1037.629478558866
1037.5860884100832
1037.5429633656681
1037.5162521970567
1037.484876104817
1037.4586487924003
1037.4228729673998
1037.3868320764682
1037.3429590111286
1037.2961372773073
1037.25639874884
1037.2163946795774
1037.180571970816
1037.1496798799892
1037.1256527208955
1037.11042458767
1037.095727729814
1037.099643702293
1037.1168059669258
1037.132469939432
1037.1359024022172
1037.1330011615194
1037.1165880653275
1037.096960433116
1037.0741660181773
1037.0518551419414
1037.0399375367194
1037.0519509951469
1037.0524344971623
1037.0455696596553
1037.0214688948126
1037.0026388329313
1036.9632629032649
1036.9470681722182
1036.9242745763029
1036.9088291063156
1036.8950998065393
1036.8862531155712
1036.881104623741
1036.8806211998176
1036.8681246441456
1036.8515433174261
1036.8354455413246
1036.8309980058098
1036.8290159264698
1036.8314329347668
1036.8459114603886
1036.8481110190216
1036.834454702571
1036.8554831823865
1036.8743122578737
1036.887026186855
1036.8768258465193
1036.8782279393997
1036.8769470050438
1036.8710010397858
1036.871436148941
1036.8777689937667
1036.8907489213102
1036.9198753590654
1036.9479869487345
1036.9607013020438
1036.9739472657782
1036.9878944190143
1037.0067724362882
1037.0381951214652
1037.0710204628879
1037.1037983077733
1037.1143134429808
1037.1184473334174
1037.1292281133124
1037.1559383469921
1037.1789507159906
1037.194396665769
1037.2152567377204
1037.2431998034322
1037.2611109906304
1037.2819238692928
1037.31893183529
1037.3404938536812
1037.3618375203398
1037.3919807724412
1037.405710632821
1037.4257751131709
1037.430440137681
1037.428021669746
1037.4489281289723
1037.4920988772437
1037.544599406198
1037.6181323635074
1037.674019507311
1037.7139768442455
1037.7372556929229
1037.7619862011006
1037.7796325775694
1037.8063441380073
1037.8242551531962
1037.811273594006
1037.789446209309
1037.756572789386
1037.709750185642
1037.6638953324514
1037.6376678452496
1037.601891632237
1037.5695480349748
1037.5447720316547
1037.519512256741
1037.4851875857414
1037.4498955420504
1037.4170220541776
1037.376316246412
1037.3410244094177
1037.3008023202353
1037.263529040629
1037.2412181628908
1037.242450784149
1037.246414047008
1037.2520934802749
1037.2560566585826
1037.2678518351227
1037.2678518351227
1037.2582735432627
1037.237336977956
1037.225589231559
1037.211860033934
1037.1929352383884
1037.1521838114124
1037.1305279409885
1037.0789953199805
1037.0385086159554
1037.012500345445
1036.9931389649216
1036.9757115015593
1036.965148690613
1036.9709983759453
1036.983495106787
1036.989610601897
1036.9802804476913
1036.9817308601957
1036.973633394355
1036.9625870079315
1036.9525557006164
1036.949123330823
1036.9469236927885
1036.9484222406313
1036.9555527664588
1036.9624655870773
1036.9727626259144
1036.9779111466985
1036.9901901019234
1036.99115706056
1036.9741873486905
1036.995216729804
1037.0184459235954
1037.04269011842
1037.0569030021345
1037.058353545274
1037.0615202663616
1037.0720352358492
1037.094829139605
1037.1141907110518
1037.1323196758508
1037.1514632679075
1037.1752717964532
1037.1946807068184
1037.2096427512204
1037.2248701658243
1037.239566817239
1037.244933620798
1037.246384451235
1037.253202111171
1037.2703170022987
1037.2926276261715
1037.31177113992
1037.3225519945834
1037.3264680480822
1037.3299004555622
1037.3507601300425
1037.3762846820605
1037.4027765264166
1037.4118877600185
1037.4195478215129
1037.4254915973827
1037.4269891280003
1037.4427923881399
1037.4994258753368
1037.5428138766313
1037.5609890327191
1037.5612538540718
1037.5600673212682
1037.5798668887908
1037.5876991560317
1037.550427183926
1037.5072580530502
1037.476367007478
1037.4498757732858
1037.4346489501233
1037.412073672398
1037.3809174753408
1037.3387620276894
1037.2929091507078
1037.2387408015836
1037.1829508933902
1037.1442758776923
1037.112683817835
1037.0828080599395
1037.0604984695144
1037.0342731389542
1037.0092804700985
1036.987454462099
1036.9883258337502
1036.9941277121584
1037.0026605810021
1037.01924293663
1037.031208248708
1037.0350762717178
1037.0274624100566
1037.0262297345712
1037.0335779328261
1037.0416753050765
1037.0556225795733
1037.0644213587777
1037.0651705092837
1037.0598040885873
1037.0541720440485
1037.0477908469986
1037.0671523182812
1037.0666688002918
1037.0627529280239
1037.0585714245121
1037.0470416849537
1037.0303634020079
1037.0220003065451
1037.015619071601
1037.0180844521021
1037.0242478747255
1037.0382429553672
1037.040224788226
1037.0473551212456
1037.050038313126
1037.0468238303993
1037.0382429553672
1037.037010283685
1037.0271967300932
1037.0159326921196
1037.0257462368388
1037.0468238303993
1037.0679014596228
1037.0911788342887
1037.1149873782974
1037.1414791312388
1037.1534923817433
1037.1755372593536
1037.1914664911276
1037.1924336553084
1037.1912010502085
1037.1897029942052
1037.2090646848355
1037.2429049476607
1037.272563875468
1037.309836575574
1037.3238314109424
1037.320399019473
1037.3153441448223
1037.3336917341214
1037.3618529347282
1037.3922141749954
1037.4017625635668
1037.4159758988972
1037.4365703825677
1037.457429939831
1037.4566811650577
1037.4566811650577
1037.4584437611263
1037.478600756388
1037.5075573244821
1037.5330814132403
1037.5539406147368
1037.5811807404411
1037.594207481624
1037.5969370574635
1037.5996666083486
1037.6132226775258
1037.6238840972844
1037.668722589338
1037.719677472256
1037.771116628595
1037.8255045942624
1037.8490020622603
1037.8655902582134
1037.8974046277706
1037.9248189594646
1037.9345875459965
1037.9363037413434
1037.9352912029192
1037.9372270850022
1037.922309879662
1037.8860501706893
1037.8379968459415
1037.773485000771
1037.7131991944257
1037.657532893347
1037.6025694037844
1037.547340734187
1037.485511787913
1037.4433094218098
1037.4050229771167
1037.354239287682
1037.306887819957
1037.2624849670035
1037.212980660995
1037.1668615471347
1037.1288397456071
1037.1072783467948
1037.0807863381692
1037.0597085337417
1037.0484443860064
1037.0334822028658
1037.0329987048447
1037.0205019110847
1037.0261818590523
1037.0305812150275
1037.0487578636755
1037.066185282322
1037.089510297029
1037.1039887926702
1037.1140202915556
1037.1463621655864
1037.1758027172593
1037.1937135375995
1037.225088388435
1037.2417666079823
1037.2397850655416
1037.2275063907641
1037.210828119972
1037.2120607140287
1037.2117953035124
1037.2091119333968
1037.2098609365087
1037.2145258972344
1037.2143077009093
1037.2103917459835
1037.1966623108028
1037.176817194705
1037.1591718706893
1037.1532743032285
1037.1505910007838
1037.1616370802321
1037.1667855987266
1037.1690326695962
1037.1641022832307
1037.1641022832307
1037.1596554385253
1037.1351454413273
1037.1223831590714
1037.1028037279125
1037.103069274781
1037.1008220052036
1037.0978732000362
1037.0949243917803
1037.1061885060417
1037.1238338047904
1037.1431953095787
1037.1547249963717
1037.1476896205186
1037.1348041471072
1037.142730575737
1037.1569905691658
1037.1731376078887
1037.1902990661129
1037.2172738145275
1037.2424854384594
1037.2615814845576
1037.2755291236888
1037.287277012969
1037.3004758669074
1037.3149541126738
1037.3392923706535
1037.3909959226648
1037.4532618330375
1037.508179471192
1037.5621296547733
1037.6057827467887
1037.6516358225517
1037.6999081711012
1037.7538132431548
1037.8205255080961
1037.872011440249
1037.9230134999182
1037.9688669876998
1038.0093077044073
1038.0257216053794
1038.0222891855512
1038.0102313419097
1037.98567586527
1037.9797789681409
1037.9606362686104
1037.9289960014619
1037.8799290828274
1037.8252745053496
1037.7588259969207
1037.6872289420392
1037.6210454110965
1037.560759410925
1037.4970413851825
1037.438425903681
1037.376377984164
1037.306497973524
1037.252547319271
1037.2125915200775
1037.1770826384472
1037.1520890878296
1037.1273136468672
1037.1138022915113
1037.0888088121196
1037.0677312570938
1037.0405382243816
1037.0241257536843
1037.0128139330657
1036.994419610362
1036.9777894388174
1036.9571955447695
1036.9503309166573
1036.9478655243813
1036.9402516462144
1036.9326377530892
1036.922340789623
1036.9009975850734
1036.8821198233215
1036.8532110480858
1036.8254866115062
1036.803176588613
1036.7943298005998
1036.7906314622562
1036.7952965606055
1036.7945958151292
1036.8132561105233
1036.840448617479
1036.845597086825
1036.8517123766514
1036.8483285084942
1036.8334634802068
1036.8287984612941
1036.8459598780014
1036.8684872784888
1036.8954139500252
1036.9208904498153
1036.9419678058955
1036.9605798060982
1036.9752760623921
1036.9858387890122
1036.997102743764
1037.012766044036
1037.0220960764993
1037.042158810732
1037.049289161085
1037.0679491708358
1037.087358216749
1037.0933509414758
1037.109109310065
1037.1300159020484
1037.1435268818489
1037.1651348971986
1037.1945745291298
1037.2399429140353
1037.2691172059576
1037.2887435479784
1037.3011934341457
1037.316108379913
1037.3133782089678
1037.3126293644787
1037.3177778280988
1037.3241120890743
1037.344268974549
1037.3710251883524
1037.405613288148
1037.4343041571801
1037.4678785386845
1037.5122337403927
1037.5872153613864
1037.6588107831572
1037.7323417832465
1037.7816271758413
1037.825015695358
1037.8737724602067
1037.9105161351554
1037.9708029366861
1038.0203088018463
1038.0585495269913
1038.1011908816558
1038.1426002684916
1038.1722163611864
1038.1619189542366
1038.1393438909654
1038.0954257960868
1038.0537521118051
1038.007413837132
1037.9627918645522
1037.8973557041593
1037.837333052134
1037.7785432318908
1037.7113922364035
1037.6378607252657
1037.5741429122907
1037.5094118971913
1037.4522943872973
1037.4049439052785
1037.3560955844096
1037.307777369644
1037.2721742844144
1037.2375852740643
1037.2076611608652
1037.1833691469074
1037.1723229974766
1037.1644911179476
1037.1544595088837
1037.1571428186626
1037.1507616500285
1037.110702221174
1037.1240710772122
1037.125739821878
1037.1337896324426
1037.1256923965796
1037.1087488362753
1037.1003860298267
1037.0910561164585
1037.0870926420837
1037.0829111892338
1037.0853288311985
1037.080881753572
1037.073533513615
1037.0610367510264
1037.0664031736044
1037.0631886903257
1037.06023983564
1037.0754198750126
1037.0744528351556
1037.0719874992324
1037.0658719052458
1037.0649048742478
1037.052190221422
1037.0313303994794
1037.0183501547226
1037.0161504852629
1037.023015193473
1037.0347627602698
1037.033046579824
1037.0338436018355
1037.0155927889173
1036.9948768703882
1036.9817269849661
1036.9756594837845
1036.980855644644
1036.9840700118832
1036.987767854652
1036.9914179471575
1037.002102642794
1037.0211502003797
1037.0393262429304
1037.0623374613197
1037.0824475763955
1037.094726046317
1037.1072699584965
1037.129845112967
1037.145024870201
1037.1560234175304
1037.2003305875035
1037.235355510294
1037.2705989905733
1037.307340553782
1037.3315854295938
1037.3521795578652
1037.3810894664123
1037.409515788481
1037.4406258054246
1037.471033528983
1037.5133622791875
1037.5483890136788
1037.5628213441078
1037.588080823765
1037.6079268052495
1037.6412378261575
1037.682208198618
1037.727578615432
1037.757722216656
1037.7748845207964
1037.7859303725888
1037.8160740920055
1037.8516310976659
1037.8984534092283
1037.937662554242
1037.9548249899367
1037.9474760491357
1037.9344496553174
1037.9199713421672
1037.9037767577552
1037.8738521627681
1037.8245649187568
1037.7676642313954
1037.7016984269196
1037.6286487231223
1037.5724967353365
1037.5124285972963
1037.4562767478328
1037.4043062611097
1037.3535216367281
1037.3057326832247
1037.2724226502678
1037.2346659656723
1037.1922442773146
1037.16285068137
1037.1439724320385
1037.1130807777174
1037.0858871890166
1037.0549956422092
1037.046414662802
1037.0488800455962
1037.0378336859235
1037.0302196992386
1037.0123085136718
1037.0000774177029
1036.9780327052724
1036.9677355728013
1036.957438443972
1036.950042034004
1036.9382945389536
1036.9363124972642
1036.9199964837146
1036.9322273330274
1036.943974776892
1036.9535707826028
1036.9530873250187
1036.961668225937
1036.9753976726665
1036.9793135061182
1036.9918102618058
1036.9996419591985
1037.0030743315483
1037.004572768463
1036.9968849691022
1036.9864660908931
1036.9674186720022
1036.9434407770507
1036.9248291179645
1036.9101332161176
1036.9085866395105
1036.9070399895736
1036.910907538926
1036.9223889721306
1036.9382696907328
1036.9458354635647
1036.9483008792358
1036.9473339612675
1036.9578486333453
1036.9600963401363
1036.9752760623921
1036.984823848267
1036.9977560280513
1037.0308469007339
1037.0506918972599
1037.0646392342169
1037.0719874992324
1037.0568074667476
1037.0575088338421
1037.0690386403016
1037.1011150474742
1037.1353914136616
1037.1740675881902
1037.186033643679
1037.1911348582994
1037.2065808986652
1037.2227760005749
1037.2433707248708
1037.2595657929064
1037.284076598191
1037.31030367944
1037.340446925082
1037.3720880817664
1037.4020129729672
1037.4289890568623
1037.4664811718146
1037.5294984054626
1037.5733375241696
1037.627726993331
1037.6730518625657
1037.7019631602443
1037.7085633987335
1037.7163960575426
1037.7501916410822
1037.7788386697594
1037.8158479159208
1037.8584899934024
1037.8705038728488
1037.8700199551704
1037.8626709699608
1037.860425639718
1037.8530314500645
1037.8360880040939
1037.7872837067764
1037.7147163048967
1037.6362516752272
1037.5602521977287
1037.5102619413728
1037.4629090591343
1037.4128723895678
1037.36406825706
1037.311831596711
1037.2760084301458
1037.2306367020756
1037.1779163781703
1037.128894255805
1037.0879700225887
1037.0489799295385
1037.0131565069994
1036.9928274440222
1036.96906597901
1036.9546351051251
1036.9527013265667
1036.950767548316
1036.9561821010193
1036.9681956557454
1036.975060546386
1036.9693801531769
1036.9627328123574
1036.957318227332
1036.958768564203
1036.9519036230217
1036.9487370642814
1036.9314540442504
1036.9185704577314
1036.899039730871
1036.8772611439524
1036.8515669259928
1036.8332209597604
1036.818427561215
1036.8082991155052
1036.8004188554787
1036.7925385468823
1036.7885739545718
1036.7861082800068
1036.7914741459795
Keyboard Interrupt
