CHIP_ID(id=88)
1036.4512791250916
1035.9205638489077
1035.667321021962
1035.8617618263602
1036.0068216622083
1035.3795821958934
1034.864370843243
1034.6381198836789
1035.763507247198
1036.197706378271
1036.941474790761
1037.480464532888
1037.5119406952672
1037.801371802441
1037.5957433468957
1037.2702371025273
1037.6167172548344
1038.0202201080624
1038.3133823316696
1038.802813741004
1039.3162404060906
1039.7523560136337
1040.0658697173499
1040.274625537287
1040.4136272631588
1040.4515493982553
1040.4539798765927
1040.4248548912647
1040.4050132104426
1040.4145275707676
1040.3946857007859
1040.3721583856432
1040.326386719897
1040.2568849276784
1040.2292177611062
1040.1854643890892
1040.1296942776296
1040.1118457347761
1040.1412008517877
1040.1960237893957
1040.287796527839
1040.4676619976026
1040.5773096946314
1040.5915018501807
1040.5756198360612
1040.5815238232321
1040.620210574775
1040.640537832484
1040.641764867171
1040.615788546258
1040.6201641736648
1040.619654759107
1040.5895338380706
1040.5486471175204
1040.4764356150827
1040.3753539281686
1040.266192388424
1040.1565452101909
1040.0476399052166
1039.926742700115
1039.8256630715791
1039.7260409491041
1039.63864078323
1039.5720281003892
1039.5140080911672
1039.4523324532975
1039.402365224923
1039.345801331875
1039.2779868504253
1039.2327008900572
1039.1942677766297
1039.1365038531649
1039.0980707112872
1039.066718652961
1039.0437043296242
1039.011895747725
1038.994278280427
1038.9857122202382
1038.9543891140668
1038.9304041966407
1038.9115589182368
1038.9005370392229
1038.878265348626
1038.8777800777677
1038.8366631763429
1038.8033696006255
1038.7940608398976
1038.7708187664357
1038.7730171837784
1038.7886935313936
1038.8452291926853
1038.94508047152
1039.082365893578
1039.20620355657
1039.2789015824033
1039.3442332838802
1039.386322123645
1039.4230147552946
1039.4452870171865
1039.4589930329714
1039.4404038445332
1039.3872653846322
1039.2927798912647
1039.2115149501185
1039.1684268431543
1039.1204560092979
1039.0964706220045
1039.073455983554
1039.0670883790658
1039.070029500577
1039.0753974419852
1039.0905595211555
1039.1130600402269
1039.1551489545743
1039.188671704554
1039.2315032638915
1039.2731070833888
1039.3100566746427
963.5145349849513
963.5145349849513
963.5145349849513
963.5145349849513
963.5145349849513
963.5145349849513
963.5145349849513
963.5145349849513
963.5145349849513
963.5145349849513
963.5145349849513
963.5145349849513
963.5145349849513
963.5145349849513
963.5145349849513
963.5145349849513
963.5145349849513
963.5145349849513
963.5145349849513
963.5145349849513
963.5145349849513
963.5145349849513
963.5145349849513
963.5145349849513
963.5145349849513
963.5145349849513
963.5145349849513
963.5145349849513
963.5145349849513
963.5145349849513
963.5145349849513
963.5145349849513
963.5145349849513
963.5145349849513
963.5145349849513
963.5145349849513
963.5145349849513
963.5145349849513
963.5145349849513
963.5145349849513
963.5145349849513
963.5145349849513
963.5145349849513
963.5145349849513
963.5145349849513
963.5145349849513
963.5145349849513
963.5145349849513
963.5145349849513
963.5145349849513
963.5145349849513
963.5145349849513
963.5145349849513
963.5145349849513
963.5145349849513
963.5145349849513
963.5145349849513
963.5145349849513
963.5145349849513
963.5145349849513
963.5145349849513
963.5145349849513
963.5145349849513
963.5145349849513
963.5145349849513
963.5145349849513
963.5145349849513
963.5145349849513
963.5145349849513
963.5145349849513
963.5145349849513
963.5145349849513
963.5145349849513
963.5145349849513
963.5145349849513
963.5145349849513
963.5145349849513
963.5145349849513
963.5145349849513
963.5145349849513
963.5145349849513
963.5145349849513
963.5145349849513
963.5145349849513
963.5145349849513
963.5145349849513
963.5145349849513
963.5145349849513
963.5145349849513
963.5145349849513
963.5145349849513
963.5145349849513
963.5145349849513
963.5145349849513
963.5145349849513
963.5145349849513
963.5145349849513
963.5145349849513
963.5145349849513
963.5145349849513
963.5145349849513
963.5145349849513
963.5145349849513
963.5145349849513
963.5145349849513
963.5145349849513
963.5145349849513
963.5145349849513
963.5145349849513
963.5145349849513
963.5145349849513
963.5145349849513
963.5145349849513
963.5145349849513
963.5145349849513
963.5145349849513
963.5145349849513
963.5145349849513
963.5145349849513
963.5145349849513
963.5145349849513
963.5145349849513
963.5145349849513
963.5145349849513
963.5145349849513
963.5145349849513
963.5145349849513
963.5145349849513
963.5145349849513
963.5145349849513
963.5145349849513
963.5145349849513
963.5145349849513
963.5145349849513
963.5145349849513
963.5145349849513
963.5145349849513
963.5145349849513
963.5145349849513
963.5145349849513
963.5145349849513
963.5145349849513
963.5145349849513
963.5145349849513
963.5145349849513
963.5145349849513
963.5145349849513
963.5145349849513
963.5145349849513
963.5145349849513
963.5145349849513
963.5145349849513
963.5145349849513
963.5145349849513
963.5145349849513
963.5145349849513
963.5145349849513
963.5145349849513
963.5145349849513
963.5145349849513
963.5145349849513
963.5145349849513
963.5145349849513
963.5145349849513
963.5145349849513
963.5145349849513
963.5145349849513
963.5145349849513
963.5145349849513
963.5145349849513
963.5145349849513
963.5145349849513
963.5145349849513
963.5145349849513
963.5145349849513
963.5145349849513
963.5145349849513
963.5145349849513
963.5145349849513
963.5145349849513
963.5145349849513
963.5145349849513
963.5145349849513
963.5145349849513
963.5145349849513
963.5145349849513
963.5145349849513
963.5145349849513
963.5145349849513
963.5145349849513
963.5145349849513
963.5145349849513
963.5145349849513
963.5145349849513
963.5145349849513
963.5145349849513
963.5145349849513
963.5145349849513
963.5145349849513
963.5145349849513
963.5145349849513
963.5145349849513
963.5145349849513
963.5145349849513
963.5145349849513
963.5145349849513
963.5145349849513
963.5145349849513
963.5145349849513
963.5145349849513
963.5145349849513
963.5145349849513
963.5145349849513
963.5145349849513
963.5145349849513
963.5145349849513
963.5145349849513
963.5145349849513
963.5145349849513
963.5145349849513
963.5145349849513
963.5145349849513
963.5145349849513
963.5145349849513
963.5145349849513
963.5145349849513
963.5145349849513
963.5145349849513
963.5145349849513
963.5145349849513
963.5145349849513
963.5145349849513
963.5145349849513
963.5145349849513
963.5145349849513
963.5145349849513
963.5145349849513
963.5145349849513
963.5145349849513
963.5145349849513
963.5145349849513
963.5145349849513
963.5145349849513
963.5145349849513
963.5145349849513
963.5145349849513
963.5145349849513
963.5145349849513
963.5145349849513
963.5145349849513
963.5145349849513
963.5145349849513
963.5145349849513
963.5145349849513
963.5145349849513
963.5145349849513
963.5145349849513
963.5145349849513
963.5145349849513
963.5145349849513
963.5145349849513
963.5145349849513
963.5145349849513
963.5145349849513
963.5145349849513
963.5145349849513
963.5145349849513
963.5145349849513
963.5145349849513
963.5145349849513
963.5145349849513
963.5145349849513
963.5145349849513
963.5145349849513
963.5145349849513
963.5145349849513
963.5145349849513
963.5145349849513
963.5145349849513
963.5145349849513
963.5145349849513
963.5145349849513
963.5145349849513
963.5145349849513
963.5145349849513
963.5145349849513
963.5145349849513
963.5145349849513
963.5145349849513
963.5145349849513
963.5145349849513
963.5145349849513
963.5145349849513
963.5145349849513
963.5145349849513
963.5145349849513
963.5145349849513
963.5145349849513
963.5145349849513
963.5145349849513
963.5145349849513
963.5145349849513
963.5145349849513
963.5145349849513
963.5145349849513
963.5145349849513
963.5145349849513
963.5145349849513
963.5145349849513
963.5145349849513
963.5145349849513
963.5145349849513
963.5145349849513
963.5145349849513
963.5145349849513
963.5145349849513
963.5145349849513
963.5145349849513
963.5145349849513
963.5145349849513
963.5145349849513
963.5145349849513
963.5145349849513
963.5145349849513
963.5145349849513
963.5145349849513
963.5145349849513
963.5145349849513
963.5145349849513
963.5145349849513
963.5145349849513
963.5145349849513
963.5145349849513
963.5145349849513
963.5145349849513
963.5145349849513
963.5145349849513
963.5145349849513
963.5145349849513
963.5145349849513
963.5145349849513
963.5145349849513
963.5145349849513
963.5145349849513
963.5145349849513
963.5145349849513
963.5145349849513
963.5145349849513
963.5145349849513
963.5145349849513
963.5145349849513
963.5145349849513
963.5145349849513
963.5145349849513
963.5145349849513
963.5145349849513
963.5145349849513
963.5145349849513
963.5145349849513
963.5145349849513
963.5145349849513
963.5145349849513
963.5145349849513
963.5145349849513
963.5145349849513
963.5145349849513
963.5145349849513
963.5145349849513
963.5145349849513
963.5145349849513
963.5145349849513
963.5145349849513
963.5145349849513
963.5145349849513
963.5145349849513
963.5145349849513
963.5145349849513
963.5145349849513
963.5145349849513
963.5145349849513
963.5145349849513
963.5145349849513
963.5145349849513
963.5145349849513
963.5145349849513
963.5145349849513
963.5145349849513
963.5145349849513
963.5145349849513
963.5145349849513
963.5145349849513
963.5145349849513
963.5145349849513
963.5145349849513
963.5145349849513
963.5145349849513
963.5145349849513
963.5145349849513
963.5145349849513
963.5145349849513
963.5145349849513
963.5145349849513
963.5145349849513
963.5145349849513
963.5145349849513
963.5145349849513
963.5145349849513
963.5145349849513
963.5145349849513
963.5145349849513
963.5145349849513
963.5145349849513
963.5145349849513
963.5145349849513
963.5145349849513
963.5145349849513
963.5145349849513
963.5145349849513
963.5145349849513
963.5145349849513
963.5145349849513
963.5145349849513
963.5145349849513
963.5145349849513
963.5145349849513
963.5145349849513
963.5145349849513
963.5145349849513
963.5145349849513
963.5145349849513
963.5145349849513
963.5145349849513
963.5145349849513
963.5145349849513
963.5145349849513
963.5145349849513
963.5145349849513
963.5145349849513
963.5145349849513
963.5145349849513
963.5145349849513
963.5145349849513
963.5145349849513
963.5145349849513
963.5145349849513
963.5145349849513
963.5145349849513
963.5145349849513
963.5145349849513
963.5145349849513
963.5145349849513
963.5145349849513
963.5145349849513
963.5145349849513
963.5145349849513
963.5145349849513
963.5145349849513
963.5145349849513
963.5145349849513
963.5145349849513
963.5145349849513
963.5145349849513
963.5145349849513
963.5145349849513
963.5145349849513
963.5145349849513
963.5145349849513
963.5145349849513
963.5145349849513
963.5145349849513
963.5145349849513
963.5145349849513
963.5145349849513
963.5145349849513
963.5145349849513
963.5145349849513
963.5145349849513
963.5145349849513
963.5145349849513
963.5145349849513
963.5145349849513
963.5145349849513
963.5145349849513
963.5145349849513
963.5145349849513
963.5145349849513
963.5145349849513
963.5145349849513
963.5145349849513
963.5145349849513
963.5145349849513
963.5145349849513
963.5145349849513
963.5145349849513
963.5145349849513
963.5145349849513
963.5145349849513
963.5145349849513
963.5145349849513
963.5145349849513
963.5145349849513
963.5145349849513
963.5145349849513
963.5145349849513
963.5145349849513
963.5145349849513
963.5145349849513
963.5145349849513
963.5145349849513
963.5145349849513
963.5145349849513
963.5145349849513
963.5145349849513
963.5145349849513
963.5145349849513
963.5145349849513
963.5145349849513
963.5145349849513
963.5145349849513
963.5145349849513
963.5145349849513
963.5145349849513
963.5145349849513
963.5145349849513
963.5145349849513
963.5145349849513
963.5145349849513
963.5145349849513
963.5145349849513
963.5145349849513
963.5145349849513
963.5145349849513
963.5145349849513
963.5145349849513
963.5145349849513
963.5145349849513
963.5145349849513
963.5145349849513
963.5145349849513
963.5145349849513
963.5145349849513
963.5145349849513
963.5145349849513
963.5145349849513
963.5145349849513
963.5145349849513
963.5145349849513
963.5145349849513
963.5145349849513
963.5145349849513
963.5145349849513
963.5145349849513
963.5145349849513
963.5145349849513
963.5145349849513
963.5145349849513
963.5145349849513
963.5145349849513
963.5145349849513
963.5145349849513
963.5145349849513
963.5145349849513
963.5145349849513
963.5145349849513
963.5145349849513
963.5145349849513
963.5145349849513
963.5145349849513
963.5145349849513
963.5145349849513
963.5145349849513
963.5145349849513
963.5145349849513
963.5145349849513
963.5145349849513
963.5145349849513
963.5145349849513
963.5145349849513
963.5145349849513
963.5145349849513
963.5145349849513
963.5145349849513
963.5145349849513
963.5145349849513
963.5145349849513
963.5145349849513
963.5145349849513
963.5145349849513
963.5145349849513
963.5145349849513
963.5145349849513
963.5145349849513
963.5145349849513
963.5145349849513
963.5145349849513
963.5145349849513
963.5145349849513
963.5145349849513
963.5145349849513
963.5145349849513
963.5145349849513
963.5145349849513
963.5145349849513
963.5145349849513
963.5145349849513
963.5145349849513
963.5145349849513
963.5145349849513
963.5145349849513
963.5145349849513
963.5145349849513
963.5145349849513
963.5145349849513
963.5145349849513
963.5145349849513
963.5145349849513
963.5145349849513
963.5145349849513
963.5145349849513
963.5145349849513
963.5145349849513
963.5145349849513
963.5145349849513
963.5145349849513
963.5145349849513
963.5145349849513
963.5145349849513
963.5145349849513
963.5145349849513
963.5145349849513
963.5145349849513
963.5145349849513
963.5145349849513
963.5145349849513
963.5145349849513
963.5145349849513
963.5145349849513
963.5145349849513
963.5145349849513
963.5145349849513
963.5145349849513
963.5145349849513
963.5145349849513
963.5145349849513
963.5145349849513
963.5145349849513
963.5145349849513
963.5145349849513
963.5145349849513
963.5145349849513
963.5145349849513
963.5145349849513
963.5145349849513
963.5145349849513
963.5145349849513
963.5145349849513
963.5145349849513
963.5145349849513
963.5145349849513
963.5145349849513
963.5145349849513
963.5145349849513
963.5145349849513
963.5145349849513
963.5145349849513
963.5145349849513
963.5145349849513
963.5145349849513
963.5145349849513
963.5145349849513
963.5145349849513
963.5145349849513
963.5145349849513
963.5145349849513
963.5145349849513
963.5145349849513
963.5145349849513
963.5145349849513
963.5145349849513
963.5145349849513
963.5145349849513
963.5145349849513
963.5145349849513
963.5145349849513
963.5145349849513
963.5145349849513
963.5145349849513
963.5145349849513
963.5145349849513
963.5145349849513
963.5145349849513
963.5145349849513
963.5145349849513
963.5145349849513
963.5145349849513
963.5145349849513
963.5145349849513
963.5145349849513
963.5145349849513
963.5145349849513
963.5145349849513
963.5145349849513
963.5145349849513
963.5145349849513
963.5145349849513
963.5145349849513
963.5145349849513
963.5145349849513
963.5145349849513
963.5145349849513
963.5145349849513
963.5145349849513
963.5145349849513
963.5145349849513
963.5145349849513
963.5145349849513
963.5145349849513
963.5145349849513
963.5145349849513
963.5145349849513
963.5145349849513
963.5145349849513
963.5145349849513
963.5145349849513
963.5145349849513
963.5145349849513
963.5145349849513
963.5145349849513
963.5145349849513
963.5145349849513
963.5145349849513
963.5145349849513
963.5145349849513
963.5145349849513
963.5145349849513
963.5145349849513
963.5145349849513
963.5145349849513
963.5145349849513
963.5145349849513
963.5145349849513
963.5145349849513
963.5145349849513
963.5145349849513
963.5145349849513
963.5145349849513
963.5145349849513
963.5145349849513
963.5145349849513
963.5145349849513
963.5145349849513
963.5145349849513
963.5145349849513
963.5145349849513
963.5145349849513
963.5145349849513
963.5145349849513
963.5145349849513
963.5145349849513
963.5145349849513
963.5145349849513
963.5145349849513
963.5145349849513
963.5145349849513
963.5145349849513
963.5145349849513
963.5145349849513
963.5145349849513
963.5145349849513
963.5145349849513
963.5145349849513
963.5145349849513
963.5145349849513
963.5145349849513
963.5145349849513
963.5145349849513
963.5145349849513
963.5145349849513
963.5145349849513
963.5145349849513
963.5145349849513
963.5145349849513
963.5145349849513
963.5145349849513
963.5145349849513
963.5145349849513
963.5145349849513
963.5145349849513
963.5145349849513
963.5145349849513
963.5145349849513
963.5145349849513
963.5145349849513
963.5145349849513
963.5145349849513
963.5145349849513
963.5145349849513
963.5145349849513
963.5145349849513
963.5145349849513
963.5145349849513
963.5145349849513
963.5145349849513
963.5145349849513
963.5145349849513
963.5145349849513
963.5145349849513
963.5145349849513
963.5145349849513
963.5145349849513
963.5145349849513
963.5145349849513
963.5145349849513
963.5145349849513
963.5145349849513
963.5145349849513
963.5145349849513
963.5145349849513
963.5145349849513
963.5145349849513
963.5145349849513
963.5145349849513
963.5145349849513
963.5145349849513
963.5145349849513
963.5145349849513
963.5145349849513
963.5145349849513
963.5145349849513
963.5145349849513
963.5145349849513
963.5145349849513
963.5145349849513
963.5145349849513
963.5145349849513
963.5145349849513
963.5145349849513
963.5145349849513
963.5145349849513
963.5145349849513
963.5145349849513
963.5145349849513
963.5145349849513
963.5145349849513
963.5145349849513
963.5145349849513
963.5145349849513
963.5145349849513
963.5145349849513
963.5145349849513
963.5145349849513
963.5145349849513
963.5145349849513
963.5145349849513
963.5145349849513
963.5145349849513
963.5145349849513
963.5145349849513
963.5145349849513
963.5145349849513
963.5145349849513
963.5145349849513
963.5145349849513
963.5145349849513
963.5145349849513
963.5145349849513
963.5145349849513
963.5145349849513
963.5145349849513
963.5145349849513
963.5145349849513
963.5145349849513
963.5145349849513
963.5145349849513
963.5145349849513
963.5145349849513
963.5145349849513
963.5145349849513
963.5145349849513
963.5145349849513
963.5145349849513
963.5145349849513
963.5145349849513
963.5145349849513
963.5145349849513
963.5145349849513
963.5145349849513
963.5145349849513
963.5145349849513
963.5145349849513
963.5145349849513
963.5145349849513
963.5145349849513
963.5145349849513
963.5145349849513
963.5145349849513
963.5145349849513
963.5145349849513
963.5145349849513
963.5145349849513
963.5145349849513
963.5145349849513
963.5145349849513
963.5145349849513
963.5145349849513
963.5145349849513
963.5145349849513
963.5145349849513
963.5145349849513
963.5145349849513
963.5145349849513
963.5145349849513
963.5145349849513
963.5145349849513
963.5145349849513
963.5145349849513
963.5145349849513
963.5145349849513
963.5145349849513
963.5145349849513
963.5145349849513
963.5145349849513
963.5145349849513
963.5145349849513
963.5145349849513
963.5145349849513
963.5145349849513
963.5145349849513
963.5145349849513
963.5145349849513
963.5145349849513
963.5145349849513
963.5145349849513
963.5145349849513
963.5145349849513
963.5145349849513
963.5145349849513
963.5145349849513
963.5145349849513
963.5145349849513
963.5145349849513
963.5145349849513
963.5145349849513
963.5145349849513
963.5145349849513
963.5145349849513
963.5145349849513
963.5145349849513
963.5145349849513
963.5145349849513
963.5145349849513
963.5145349849513
963.5145349849513
963.5145349849513
963.5145349849513
963.5145349849513
963.5145349849513
963.5145349849513
963.5145349849513
963.5145349849513
963.5145349849513
963.5145349849513
963.5145349849513
963.5145349849513
963.5145349849513
963.5145349849513
963.5145349849513
963.5145349849513
963.5145349849513
963.5145349849513
963.5145349849513
963.5145349849513
963.5145349849513
963.5145349849513
963.5145349849513
963.5145349849513
963.5145349849513
963.5145349849513
963.5145349849513
963.5145349849513
963.5145349849513
963.5145349849513
963.5145349849513
963.5145349849513
963.5145349849513
963.5145349849513
963.5145349849513
963.5145349849513
963.5145349849513
963.5145349849513
963.5145349849513
963.5145349849513
963.5145349849513
963.5145349849513
963.5145349849513
963.5145349849513
963.5145349849513
963.5145349849513
963.5145349849513
963.5145349849513
963.5145349849513
963.5145349849513
963.5145349849513
963.5145349849513
963.5145349849513
963.5145349849513
963.5145349849513
963.5145349849513
963.5145349849513
963.5145349849513
963.5145349849513
963.5145349849513
963.5145349849513
963.5145349849513
963.5145349849513
963.5145349849513
963.5145349849513
963.5145349849513
963.5145349849513
963.5145349849513
963.5145349849513
963.5145349849513
963.5145349849513
963.5145349849513
963.5145349849513
963.5145349849513
963.5145349849513
963.5145349849513
963.5145349849513
963.5145349849513
963.5145349849513
963.5145349849513
963.5145349849513
963.5145349849513
963.5145349849513
963.5145349849513
963.5145349849513
963.5145349849513
963.5145349849513
963.5145349849513
963.5145349849513
963.5145349849513
963.5145349849513
963.5145349849513
963.5145349849513
963.5145349849513
963.5145349849513
963.5145349849513
963.5145349849513
963.5145349849513
963.5145349849513
963.5145349849513
963.5145349849513
963.5145349849513
963.5145349849513
963.5145349849513
963.5145349849513
963.5145349849513
963.5145349849513
963.5145349849513
963.5145349849513
963.5145349849513
963.5145349849513
963.5145349849513
963.5145349849513
963.5145349849513
963.5145349849513
963.5145349849513
963.5145349849513
963.5145349849513
963.5145349849513
963.5145349849513
963.5145349849513
963.5145349849513
963.5145349849513
963.5145349849513
963.5145349849513
963.5145349849513
963.5145349849513
963.5145349849513
963.5145349849513
963.5145349849513
963.5145349849513
963.5145349849513
963.5145349849513
963.5145349849513
963.5145349849513
963.5145349849513
963.5145349849513
963.5145349849513
963.5145349849513
963.5145349849513
963.5145349849513
963.5145349849513
963.5145349849513
963.5145349849513
963.5145349849513
963.5145349849513
963.5145349849513
963.5145349849513
963.5145349849513
963.5145349849513
963.5145349849513
963.5145349849513
963.5145349849513
963.5145349849513
963.5145349849513
963.5145349849513
963.5145349849513
963.5145349849513
963.5145349849513
963.5145349849513
963.5145349849513
963.5145349849513
963.5145349849513
963.5145349849513
963.5145349849513
963.5145349849513
963.5145349849513
963.5145349849513
963.5145349849513
963.5145349849513
963.5145349849513
963.5145349849513
963.5145349849513
963.5145349849513
963.5145349849513
963.5145349849513
963.5145349849513
963.5145349849513
963.5145349849513
963.5145349849513
963.5145349849513
963.5145349849513
963.5145349849513
963.5145349849513
963.5145349849513
963.5145349849513
963.5145349849513
963.5145349849513
963.5145349849513
963.5145349849513
963.5145349849513
963.5145349849513
963.5145349849513
963.5145349849513
963.5145349849513
963.5145349849513
963.5145349849513
963.5145349849513
963.5145349849513
963.5145349849513
963.5145349849513
963.5145349849513
963.5145349849513
963.5145349849513
963.5145349849513
963.5145349849513
963.5145349849513
963.5145349849513
963.5145349849513
963.5145349849513
963.5145349849513
963.5145349849513
963.5145349849513
963.5145349849513
963.5145349849513
963.5145349849513
963.5145349849513
963.5145349849513
963.5145349849513
963.5145349849513
963.5145349849513
963.5145349849513
963.5145349849513
963.5145349849513
963.5145349849513
963.5145349849513
963.5145349849513
963.5145349849513
963.5145349849513
963.5145349849513
963.5145349849513
963.5145349849513
963.5145349849513
963.5145349849513
963.5145349849513
963.5145349849513
963.5145349849513
963.5145349849513
963.5145349849513
963.5145349849513
963.5145349849513
963.5145349849513
963.5145349849513
963.5145349849513
963.5145349849513
963.5145349849513
963.5145349849513
963.5145349849513
963.5145349849513
963.5145349849513
963.5145349849513
963.5145349849513
963.5145349849513
963.5145349849513
963.5145349849513
963.5145349849513
963.5145349849513
963.5145349849513
963.5145349849513
963.5145349849513
963.5145349849513
963.5145349849513
963.5145349849513
963.5145349849513
963.5145349849513
963.5145349849513
963.5145349849513
963.5145349849513
963.5145349849513
963.5145349849513
963.5145349849513
963.5145349849513
963.5145349849513
963.5145349849513
963.5145349849513
963.5145349849513
963.5145349849513
963.5145349849513
963.5145349849513
963.5145349849513
963.5145349849513
963.5145349849513
963.5145349849513
963.5145349849513
963.5145349849513
963.5145349849513
963.5145349849513
963.5145349849513
963.5145349849513
963.5145349849513
963.5145349849513
963.5145349849513
963.5145349849513
963.5145349849513
963.5145349849513
963.5145349849513
963.5145349849513
963.5145349849513
963.5145349849513
963.5145349849513
963.5145349849513
963.5145349849513
963.5145349849513
963.5145349849513
963.5145349849513
963.5145349849513
963.5145349849513
963.5145349849513
963.5145349849513
963.5145349849513
963.5145349849513
963.5145349849513
963.5145349849513
963.5145349849513
963.5145349849513
963.5145349849513
963.5145349849513
963.5145349849513
963.5145349849513
963.5145349849513
963.5145349849513
963.5145349849513
963.5145349849513
963.5145349849513
963.5145349849513
963.5145349849513
963.5145349849513
963.5145349849513
963.5145349849513
963.5145349849513
963.5145349849513
963.5145349849513
963.5145349849513
963.5145349849513
963.5145349849513
963.5145349849513
963.5145349849513
963.5145349849513
963.5145349849513
963.5145349849513
963.5145349849513
963.5145349849513
963.5145349849513
963.5145349849513
963.5145349849513
963.5145349849513
963.5145349849513
963.5145349849513
963.5145349849513
963.5145349849513
963.5145349849513
963.5145349849513
963.5145349849513
963.5145349849513
963.5145349849513
963.5145349849513
963.5145349849513
963.5145349849513
963.5145349849513
963.5145349849513
963.5145349849513
963.5145349849513
963.5145349849513
963.5145349849513
963.5145349849513
963.5145349849513
963.5145349849513
963.5145349849513
963.5145349849513
963.5145349849513
963.5145349849513
963.5145349849513
963.5145349849513
963.5145349849513
963.5145349849513
963.5145349849513
963.5145349849513
963.5145349849513
963.5145349849513
963.5145349849513
963.5145349849513
963.5145349849513
963.5145349849513
963.5145349849513
963.5145349849513
963.5145349849513
963.5145349849513
963.5145349849513
963.5145349849513
963.5145349849513
963.5145349849513
963.5145349849513
963.5145349849513
963.5145349849513
963.5145349849513
963.5145349849513
963.5145349849513
963.5145349849513
963.5145349849513
963.5145349849513
963.5145349849513
963.5145349849513
963.5145349849513
963.5145349849513
963.5145349849513
963.5145349849513
963.5145349849513
963.5145349849513
963.5145349849513
963.5145349849513
963.5145349849513
963.5145349849513
963.5145349849513
963.5145349849513
963.5145349849513
963.5145349849513
963.5145349849513
963.5145349849513
963.5145349849513
963.5145349849513
963.5145349849513
963.5145349849513
963.5145349849513
963.5145349849513
963.5145349849513
963.5145349849513
963.5145349849513
963.5145349849513
963.5145349849513
963.5145349849513
963.5145349849513
963.5145349849513
963.5145349849513
963.5145349849513
963.5145349849513
963.5145349849513
963.5145349849513
963.5145349849513
963.5145349849513
963.5145349849513
963.5145349849513
963.5145349849513
963.5145349849513
963.5145349849513
963.5145349849513
963.5145349849513
963.5145349849513
963.5145349849513
963.5145349849513
963.5145349849513
963.5145349849513
963.5145349849513
963.5145349849513
963.5145349849513
963.5145349849513
963.5145349849513
963.5145349849513
963.5145349849513
963.5145349849513
963.5145349849513
963.5145349849513
963.5145349849513
963.5145349849513
963.5145349849513
963.5145349849513
963.5145349849513
963.5145349849513
963.5145349849513
963.5145349849513
963.5145349849513
963.5145349849513
963.5145349849513
963.5145349849513
963.5145349849513
963.5145349849513
963.5145349849513
963.5145349849513
963.5145349849513
963.5145349849513
963.5145349849513
963.5145349849513
963.5145349849513
963.5145349849513
963.5145349849513
963.5145349849513
963.5145349849513
963.5145349849513
963.5145349849513
963.5145349849513
963.5145349849513
963.5145349849513
963.5145349849513
963.5145349849513
963.5145349849513
963.5145349849513
963.5145349849513
963.5145349849513
963.5145349849513
963.5145349849513
963.5145349849513
963.5145349849513
963.5145349849513
963.5145349849513
963.5145349849513
963.5145349849513
963.5145349849513
963.5145349849513
963.5145349849513
963.5145349849513
963.5145349849513
963.5145349849513
963.5145349849513
963.5145349849513
963.5145349849513
963.5145349849513
963.5145349849513
963.5145349849513
963.5145349849513
963.5145349849513
963.5145349849513
963.5145349849513
963.5145349849513
963.5145349849513
963.5145349849513
963.5145349849513
963.5145349849513
963.5145349849513
963.5145349849513
963.5145349849513
963.5145349849513
963.5145349849513
963.5145349849513
963.5145349849513
963.5145349849513
963.5145349849513
963.5145349849513
963.5145349849513
963.5145349849513
963.5145349849513
963.5145349849513
963.5145349849513
963.5145349849513
963.5145349849513
963.5145349849513
963.5145349849513
963.5145349849513
963.5145349849513
963.5145349849513
963.5145349849513
963.5145349849513
963.5145349849513
963.5145349849513
963.5145349849513
963.5145349849513
963.5145349849513
963.5145349849513
963.5145349849513
963.5145349849513
963.5145349849513
963.5145349849513
963.5145349849513
963.5145349849513
963.5145349849513
963.5145349849513
963.5145349849513
963.5145349849513
963.5145349849513
963.5145349849513
963.5145349849513
963.5145349849513
963.5145349849513
963.5145349849513
963.5145349849513
963.5145349849513
963.5145349849513
963.5145349849513
963.5145349849513
963.5145349849513
963.5145349849513
963.5145349849513
963.5145349849513
963.5145349849513
963.5145349849513
963.5145349849513
963.5145349849513
963.5145349849513
963.5145349849513
963.5145349849513
963.5145349849513
963.5145349849513
963.5145349849513
963.5145349849513
963.5145349849513
963.5145349849513
963.5145349849513
963.5145349849513
963.5145349849513
963.5145349849513
963.5145349849513
963.5145349849513
963.5145349849513
963.5145349849513
963.5145349849513
963.5145349849513
963.5145349849513
963.5145349849513
963.5145349849513
963.5145349849513
963.5145349849513
963.5145349849513
963.5145349849513
963.5145349849513
963.5145349849513
963.5145349849513
963.5145349849513
963.5145349849513
963.5145349849513
963.5145349849513
963.5145349849513
963.5145349849513
963.5145349849513
963.5145349849513
963.5145349849513
963.5145349849513
963.5145349849513
963.5145349849513
963.5145349849513
963.5145349849513
963.5145349849513
963.5145349849513
963.5145349849513
963.5145349849513
963.5145349849513
963.5145349849513
963.5145349849513
963.5145349849513
963.5145349849513
963.5145349849513
963.5145349849513
963.5145349849513
963.5145349849513
963.5145349849513
963.5145349849513
963.5145349849513
963.5145349849513
963.5145349849513
963.5145349849513
963.5145349849513
963.5145349849513
963.5145349849513
963.5145349849513
963.5145349849513
963.5145349849513
963.5145349849513
963.5145349849513
963.5145349849513
963.5145349849513
963.5145349849513
963.5145349849513
963.5145349849513
963.5145349849513
963.5145349849513
963.5145349849513
963.5145349849513
963.5145349849513
963.5145349849513
963.5145349849513
963.5145349849513
963.5145349849513
963.5145349849513
963.5145349849513
963.5145349849513
963.5145349849513
963.5145349849513
963.5145349849513
963.5145349849513
963.5145349849513
963.5145349849513
963.5145349849513
963.5145349849513
963.5145349849513
963.5145349849513
963.5145349849513
963.5145349849513
963.5145349849513
963.5145349849513
963.5145349849513
963.5145349849513
963.5145349849513
963.5145349849513
963.5145349849513
963.5145349849513
963.5145349849513
963.5145349849513
963.5145349849513
963.5145349849513
963.5145349849513
963.5145349849513
963.5145349849513
963.5145349849513
963.5145349849513
963.5145349849513
963.5145349849513
963.5145349849513
963.5145349849513
963.5145349849513
963.5145349849513
963.5145349849513
963.5145349849513
963.5145349849513
963.5145349849513
963.5145349849513
963.5145349849513
963.5145349849513
963.5145349849513
963.5145349849513
963.5145349849513
963.5145349849513
963.5145349849513
963.5145349849513
963.5145349849513
963.5145349849513
963.5145349849513
963.5145349849513
963.5145349849513
963.5145349849513
963.5145349849513
963.5145349849513
963.5145349849513
963.5145349849513
963.5145349849513
963.5145349849513
963.5145349849513
963.5145349849513
963.5145349849513
963.5145349849513
963.5145349849513
963.5145349849513
963.5145349849513
963.5145349849513
963.5145349849513
963.5145349849513
963.5145349849513
963.5145349849513
963.5145349849513
963.5145349849513
963.5145349849513
963.5145349849513
963.5145349849513
963.5145349849513
963.5145349849513
963.5145349849513
963.5145349849513
963.5145349849513
963.5145349849513
963.5145349849513
963.5145349849513
963.5145349849513
963.5145349849513
963.5145349849513
963.5145349849513
963.5145349849513
963.5145349849513
963.5145349849513
963.5145349849513
963.5145349849513
963.5145349849513
963.5145349849513
963.5145349849513
963.5145349849513
963.5145349849513
963.5145349849513
963.5145349849513
963.5145349849513
963.5145349849513
963.5145349849513
963.5145349849513
963.5145349849513
963.5145349849513
963.5145349849513
963.5145349849513
963.5145349849513
963.5145349849513
963.5145349849513
963.5145349849513
963.5145349849513
963.5145349849513
963.5145349849513
963.5145349849513
963.5145349849513
963.5145349849513
963.5145349849513
963.5145349849513
963.5145349849513
963.5145349849513
963.5145349849513
963.5145349849513
963.5145349849513
963.5145349849513
963.5145349849513
963.5145349849513
963.5145349849513
963.5145349849513
963.5145349849513
963.5145349849513
963.5145349849513
963.5145349849513
963.5145349849513
963.5145349849513
963.5145349849513
963.5145349849513
963.5145349849513
963.5145349849513
963.5145349849513
963.5145349849513
963.5145349849513
963.5145349849513
963.5145349849513
963.5145349849513
963.5145349849513
963.5145349849513
963.5145349849513
963.5145349849513
963.5145349849513
963.5145349849513
963.5145349849513
963.5145349849513
963.5145349849513
963.5145349849513
963.5145349849513
963.5145349849513
963.5145349849513
963.5145349849513
963.5145349849513
963.5145349849513
963.5145349849513
963.5145349849513
963.5145349849513
963.5145349849513
963.5145349849513
963.5145349849513
963.5145349849513
963.5145349849513
963.5145349849513
963.5145349849513
963.5145349849513
963.5145349849513
963.5145349849513
963.5145349849513
963.5145349849513
963.5145349849513
963.5145349849513
963.5145349849513
963.5145349849513
963.5145349849513
963.5145349849513
963.5145349849513
963.5145349849513
963.5145349849513
963.5145349849513
963.5145349849513
963.5145349849513
963.5145349849513
963.5145349849513
963.5145349849513
963.5145349849513
963.5145349849513
963.5145349849513
963.5145349849513
963.5145349849513
963.5145349849513
963.5145349849513
963.5145349849513
963.5145349849513
963.5145349849513
963.5145349849513
963.5145349849513
963.5145349849513
963.5145349849513
963.5145349849513
963.5145349849513
963.5145349849513
963.5145349849513
963.5145349849513
963.5145349849513
963.5145349849513
963.5145349849513
963.5145349849513
963.5145349849513
963.5145349849513
963.5145349849513
963.5145349849513
963.5145349849513
963.5145349849513
963.5145349849513
963.5145349849513
963.5145349849513
963.5145349849513
963.5145349849513
963.5145349849513
963.5145349849513
963.5145349849513
963.5145349849513
963.5145349849513
963.5145349849513
963.5145349849513
963.5145349849513
963.5145349849513
963.5145349849513
963.5145349849513
963.5145349849513
963.5145349849513
963.5145349849513
963.5145349849513
963.5145349849513
963.5145349849513
963.5145349849513
963.5145349849513
963.5145349849513
963.5145349849513
963.5145349849513
963.5145349849513
963.5145349849513
963.5145349849513
963.5145349849513
963.5145349849513
963.5145349849513
963.5145349849513
963.5145349849513
963.5145349849513
963.5145349849513
963.5145349849513
963.5145349849513
963.5145349849513
963.5145349849513
963.5145349849513
963.5145349849513
963.5145349849513
963.5145349849513
963.5145349849513
963.5145349849513
963.5145349849513
963.5145349849513
963.5145349849513
963.5145349849513
963.5145349849513
963.5145349849513
963.5145349849513
963.5145349849513
963.5145349849513
963.5145349849513
963.5145349849513
963.5145349849513
963.5145349849513
963.5145349849513
963.5145349849513
963.5145349849513
963.5145349849513
963.5145349849513
963.5145349849513
963.5145349849513
963.5145349849513
963.5145349849513
963.5145349849513
963.5145349849513
963.5145349849513
963.5145349849513
963.5145349849513
963.5145349849513
963.5145349849513
963.5145349849513
963.5145349849513
963.5145349849513
963.5145349849513
963.5145349849513
963.5145349849513
963.5145349849513
963.5145349849513
963.5145349849513
963.5145349849513
963.5145349849513
963.5145349849513
963.5145349849513
963.5145349849513
963.5145349849513
963.5145349849513
963.5145349849513
963.5145349849513
963.5145349849513
963.5145349849513
963.5145349849513
963.5145349849513
963.5145349849513
963.5145349849513
963.5145349849513
963.5145349849513
963.5145349849513
963.5145349849513
963.5145349849513
963.5145349849513
963.5145349849513
963.5145349849513
963.5145349849513
963.5145349849513
963.5145349849513
963.5145349849513
963.5145349849513
963.5145349849513
963.5145349849513
963.5145349849513
963.5145349849513
963.5145349849513
963.5145349849513
963.5145349849513
963.5145349849513
963.5145349849513
963.5145349849513
963.5145349849513
963.5145349849513
963.5145349849513
963.5145349849513
963.5145349849513
963.5145349849513
963.5145349849513
963.5145349849513
963.5145349849513
963.5145349849513
963.5145349849513
963.5145349849513
963.5145349849513
963.5145349849513
963.5145349849513
963.5145349849513
963.5145349849513
963.5145349849513
963.5145349849513
963.5145349849513
963.5145349849513
963.5145349849513
963.5145349849513
963.5145349849513
963.5145349849513
963.5145349849513
963.5145349849513
963.5145349849513
963.5145349849513
963.5145349849513
963.5145349849513
963.5145349849513
963.5145349849513
963.5145349849513
963.5145349849513
963.5145349849513
963.5145349849513
963.5145349849513
963.5145349849513
963.5145349849513
963.5145349849513
963.5145349849513
963.5145349849513
963.5145349849513
963.5145349849513
963.5145349849513
963.5145349849513
963.5145349849513
963.5145349849513
963.5145349849513
963.5145349849513
963.5145349849513
963.5145349849513
963.5145349849513
963.5145349849513
963.5145349849513
963.5145349849513
963.5145349849513
963.5145349849513
963.5145349849513
963.5145349849513
963.5145349849513
963.5145349849513
963.5145349849513
963.5145349849513
963.5145349849513
963.5145349849513
963.5145349849513
963.5145349849513
963.5145349849513
963.5145349849513
963.5145349849513
963.5145349849513
963.5145349849513
963.5145349849513
963.5145349849513
963.5145349849513
963.5145349849513
963.5145349849513
963.5145349849513
963.5145349849513
963.5145349849513
963.5145349849513
963.5145349849513
963.5145349849513
963.5145349849513
963.5145349849513
963.5145349849513
963.5145349849513
963.5145349849513
963.5145349849513
963.5145349849513
963.5145349849513
963.5145349849513
963.5145349849513
963.5145349849513
963.5145349849513
963.5145349849513
963.5145349849513
963.5145349849513
963.5145349849513
963.5145349849513
963.5145349849513
963.5145349849513
963.5145349849513
963.5145349849513
963.5145349849513
963.5145349849513
963.5145349849513
963.5145349849513
963.5145349849513
963.5145349849513
963.5145349849513
963.5145349849513
963.5145349849513
963.5145349849513
963.5145349849513
963.5145349849513
963.5145349849513
963.5145349849513
963.5145349849513
963.5145349849513
963.5145349849513
963.5145349849513
963.5145349849513
963.5145349849513
963.5145349849513
963.5145349849513
963.5145349849513
963.5145349849513
963.5145349849513
963.5145349849513
963.5145349849513
963.5145349849513
963.5145349849513
963.5145349849513
963.5145349849513
963.5145349849513
963.5145349849513
963.5145349849513
963.5145349849513
963.5145349849513
963.5145349849513
963.5145349849513
963.5145349849513
963.5145349849513
963.5145349849513
963.5145349849513
963.5145349849513
963.5145349849513
963.5145349849513
963.5145349849513
963.5145349849513
963.5145349849513
963.5145349849513
963.5145349849513
963.5145349849513
963.5145349849513
963.5145349849513
963.5145349849513
963.5145349849513
963.5145349849513
963.5145349849513
963.5145349849513
963.5145349849513
963.5145349849513
963.5145349849513
963.5145349849513
963.5145349849513
963.5145349849513
963.5145349849513
963.5145349849513
963.5145349849513
963.5145349849513
963.5145349849513
963.5145349849513
963.5145349849513
963.5145349849513
963.5145349849513
963.5145349849513
963.5145349849513
963.5145349849513
963.5145349849513
963.5145349849513
963.5145349849513
963.5145349849513
963.5145349849513
963.5145349849513
963.5145349849513
963.5145349849513
963.5145349849513
963.5145349849513
963.5145349849513
963.5145349849513
963.5145349849513
963.5145349849513
963.5145349849513
963.5145349849513
963.5145349849513
963.5145349849513
963.5145349849513
963.5145349849513
963.5145349849513
963.5145349849513
963.5145349849513
963.5145349849513
963.5145349849513
963.5145349849513
963.5145349849513
963.5145349849513
963.5145349849513
963.5145349849513
963.5145349849513
963.5145349849513
963.5145349849513
963.5145349849513
963.5145349849513
963.5145349849513
963.5145349849513
963.5145349849513
963.5145349849513
963.5145349849513
963.5145349849513
963.5145349849513
963.5145349849513
963.5145349849513
963.5145349849513
963.5145349849513
963.5145349849513
963.5145349849513
963.5145349849513
963.5145349849513
963.5145349849513
963.5145349849513
963.5145349849513
963.5145349849513
963.5145349849513
963.5145349849513
963.5145349849513
963.5145349849513
963.5145349849513
963.5145349849513
963.5145349849513
963.5145349849513
963.5145349849513
963.5145349849513
963.5145349849513
963.5145349849513
963.5145349849513
963.5145349849513
963.5145349849513
963.5145349849513
963.5145349849513
963.5145349849513
963.5145349849513
963.5145349849513
963.5145349849513
963.5145349849513
963.5145349849513
963.5145349849513
963.5145349849513
963.5145349849513
963.5145349849513
963.5145349849513
963.5145349849513
963.5145349849513
963.5145349849513
963.5145349849513
963.5145349849513
963.5145349849513
963.5145349849513
963.5145349849513
963.5145349849513
963.5145349849513
963.5145349849513
963.5145349849513
963.5145349849513
963.5145349849513
963.5145349849513
963.5145349849513
963.5145349849513
963.5145349849513
963.5145349849513
963.5145349849513
963.5145349849513
963.5145349849513
963.5145349849513
963.5145349849513
963.5145349849513
963.5145349849513
963.5145349849513
963.5145349849513
963.5145349849513
963.5145349849513
963.5145349849513
963.5145349849513
963.5145349849513
963.5145349849513
963.5145349849513
963.5145349849513
963.5145349849513
963.5145349849513
963.5145349849513
963.5145349849513
963.5145349849513
963.5145349849513
963.5145349849513
963.5145349849513
963.5145349849513
963.5145349849513
963.5145349849513
963.5145349849513
963.5145349849513
963.5145349849513
963.5145349849513
963.5145349849513
963.5145349849513
963.5145349849513
963.5145349849513
963.5145349849513
963.5145349849513
963.5145349849513
963.5145349849513
963.5145349849513
963.5145349849513
963.5145349849513
963.5145349849513
963.5145349849513
963.5145349849513
963.5145349849513
963.5145349849513
963.5145349849513
963.5145349849513
963.5145349849513
963.5145349849513
963.5145349849513
963.5145349849513
963.5145349849513
963.5145349849513
963.5145349849513
963.5145349849513
963.5145349849513
963.5145349849513
963.5145349849513
963.5145349849513
963.5145349849513
963.5145349849513
963.5145349849513
963.5145349849513
963.5145349849513
963.5145349849513
963.5145349849513
963.5145349849513
963.5145349849513
963.5145349849513
963.5145349849513
963.5145349849513
963.5145349849513
963.5145349849513
963.5145349849513
963.5145349849513
963.5145349849513
963.5145349849513
963.5145349849513
963.5145349849513
963.5145349849513
963.5145349849513
963.5145349849513
963.5145349849513
963.5145349849513
963.5145349849513
963.5145349849513
963.5145349849513
963.5145349849513
963.5145349849513
963.5145349849513
963.5145349849513
963.5145349849513
963.5145349849513
963.5145349849513
963.5145349849513
963.5145349849513
963.5145349849513
963.5145349849513
963.5145349849513
963.5145349849513
963.5145349849513
963.5145349849513
963.5145349849513
963.5145349849513
963.5145349849513
963.5145349849513
963.5145349849513
963.5145349849513
963.5145349849513
963.5145349849513
963.5145349849513
963.5145349849513
963.5145349849513
963.5145349849513
963.5145349849513
963.5145349849513
963.5145349849513
963.5145349849513
963.5145349849513
963.5145349849513
963.5145349849513
963.5145349849513
963.5145349849513
963.5145349849513
963.5145349849513
963.5145349849513
963.5145349849513
963.5145349849513
963.5145349849513
963.5145349849513
963.5145349849513
963.5145349849513
963.5145349849513
963.5145349849513
963.5145349849513
963.5145349849513
963.5145349849513
963.5145349849513
963.5145349849513
963.5145349849513
963.5145349849513
963.5145349849513
963.5145349849513
963.5145349849513
963.5145349849513
963.5145349849513
963.5145349849513
963.5145349849513
963.5145349849513
963.5145349849513
963.5145349849513
963.5145349849513
963.5145349849513
963.5145349849513
963.5145349849513
963.5145349849513
963.5145349849513
963.5145349849513
963.5145349849513
963.5145349849513
963.5145349849513
963.5145349849513
963.5145349849513
963.5145349849513
963.5145349849513
963.5145349849513
963.5145349849513
963.5145349849513
963.5145349849513
963.5145349849513
963.5145349849513
963.5145349849513
963.5145349849513
963.5145349849513
963.5145349849513
963.5145349849513
963.5145349849513
963.5145349849513
963.5145349849513
963.5145349849513
963.5145349849513
963.5145349849513
963.5145349849513
963.5145349849513
963.5145349849513
963.5145349849513
963.5145349849513
963.5145349849513
963.5145349849513
963.5145349849513
963.5145349849513
963.5145349849513
963.5145349849513
963.5145349849513
963.5145349849513
963.5145349849513
963.5145349849513
963.5145349849513
963.5145349849513
963.5145349849513
963.5145349849513
963.5145349849513
963.5145349849513
963.5145349849513
963.5145349849513
963.5145349849513
963.5145349849513
963.5145349849513
963.5145349849513
963.5145349849513
963.5145349849513
963.5145349849513
963.5145349849513
963.5145349849513
963.5145349849513
963.5145349849513
963.5145349849513
963.5145349849513
963.5145349849513
963.5145349849513
963.5145349849513
963.5145349849513
963.5145349849513
963.5145349849513
963.5145349849513
963.5145349849513
963.5145349849513
963.5145349849513
963.5145349849513
963.5145349849513
963.5145349849513
963.5145349849513
963.5145349849513
963.5145349849513
963.5145349849513
963.5145349849513
963.5145349849513
963.5145349849513
963.5145349849513
963.5145349849513
963.5145349849513
963.5145349849513
963.5145349849513
963.5145349849513
963.5145349849513
963.5145349849513
963.5145349849513
963.5145349849513
963.5145349849513
963.5145349849513
963.5145349849513
963.5145349849513
963.5145349849513
963.5145349849513
963.5145349849513
963.5145349849513
963.5145349849513
963.5145349849513
963.5145349849513
963.5145349849513
963.5145349849513
963.5145349849513
963.5145349849513
963.5145349849513
963.5145349849513
963.5145349849513
963.5145349849513
963.5145349849513
963.5145349849513
963.5145349849513
963.5145349849513
963.5145349849513
963.5145349849513
963.5145349849513
963.5145349849513
963.5145349849513
963.5145349849513
963.5145349849513
963.5145349849513
963.5145349849513
963.5145349849513
963.5145349849513
963.5145349849513
963.5145349849513
963.5145349849513
963.5145349849513
963.5145349849513
963.5145349849513
963.5145349849513
963.5145349849513
963.5145349849513
963.5145349849513
963.5145349849513
963.5145349849513
963.5145349849513
963.5145349849513
963.5145349849513
963.5145349849513
963.5145349849513
963.5145349849513
963.5145349849513
963.5145349849513
963.5145349849513
963.5145349849513
963.5145349849513
963.5145349849513
963.5145349849513
963.5145349849513
963.5145349849513
963.5145349849513
963.5145349849513
963.5145349849513
963.5145349849513
963.5145349849513
963.5145349849513
963.5145349849513
963.5145349849513
963.5145349849513
963.5145349849513
963.5145349849513
963.5145349849513
963.5145349849513
963.5145349849513
963.5145349849513
963.5145349849513
963.5145349849513
963.5145349849513
963.5145349849513
963.5145349849513
963.5145349849513
963.5145349849513
963.5145349849513
963.5145349849513
963.5145349849513
963.5145349849513
963.5145349849513
963.5145349849513
963.5145349849513
963.5145349849513
963.5145349849513
963.5145349849513
963.5145349849513
963.5145349849513
963.5145349849513
963.5145349849513
963.5145349849513
963.5145349849513
963.5145349849513
963.5145349849513
963.5145349849513
963.5145349849513
963.5145349849513
963.5145349849513
963.5145349849513
963.5145349849513
963.5145349849513
963.5145349849513
963.5145349849513
963.5145349849513
963.5145349849513
963.5145349849513
963.5145349849513
963.5145349849513
963.5145349849513
963.5145349849513
963.5145349849513
963.5145349849513
963.5145349849513
963.5145349849513
963.5145349849513
963.5145349849513
963.5145349849513
963.5145349849513
963.5145349849513
963.5145349849513
963.5145349849513
963.5145349849513
963.5145349849513
963.5145349849513
963.5145349849513
963.5145349849513
963.5145349849513
963.5145349849513
963.5145349849513
963.5145349849513
963.5145349849513
963.5145349849513
963.5145349849513
963.5145349849513
963.5145349849513
963.5145349849513
963.5145349849513
963.5145349849513
963.5145349849513
963.5145349849513
963.5145349849513
963.5145349849513
963.5145349849513
963.5145349849513
963.5145349849513
963.5145349849513
963.5145349849513
963.5145349849513
963.5145349849513
963.5145349849513
963.5145349849513
963.5145349849513
963.5145349849513
963.5145349849513
963.5145349849513
963.5145349849513
963.5145349849513
963.5145349849513
963.5145349849513
963.5145349849513
963.5145349849513
963.5145349849513
963.5145349849513
963.5145349849513
963.5145349849513
963.5145349849513
Keyboard Interrupt
